timestamp,wall_time_epoch_ms,sample_id,experiment_id,elapsed_s,dt_s,probe_label,ping_src,ping_dst,ping_cmd_ok,ping_ok,ping_sent,ping_received,ping_reply_count,ping_loss_pct,ping_rtts_ms,ping_rtt_min_ms,ping_rtt_avg_ms,ping_rtt_max_ms,ping_rtt_mdev_ms,ping_rtt_p50_ms,ping_rtt_p95_ms,ping_rtt_p99_ms
2026-04-06T11:40:36.926,1775446836926,0,exp_static_run1,0.001,0.001,h1_to_h2,clab-srte8-h1,192.168.8.2,1,1,5,5,5,0.0,0.099;0.243;0.114;0.061;0.101,0.061,0.123,0.243,0.062,0.101,0.217,0.238
2026-04-06T11:40:36.926,1775446836926,0,exp_static_run1,0.001,0.001,h2_to_h1,clab-srte8-h2,192.168.1.2,1,1,5,5,5,0.0,0.113;0.089;0.325;0.107;0.070,0.07,0.14,0.325,0.093,0.107,0.283,0.317
2026-04-06T11:40:39.618,1775446839618,1,exp_static_run1,2.694,2.693,h1_to_h2,clab-srte8-h1,192.168.8.2,1,1,5,5,5,0.0,0.090;0.084;0.104;0.059;0.079,0.059,0.083,0.104,0.014,0.084,0.101,0.103
2026-04-06T11:40:39.618,1775446839618,1,exp_static_run1,2.694,2.693,h2_to_h1,clab-srte8-h2,192.168.1.2,1,1,5,5,5,0.0,0.195;0.061;0.071;0.134;0.172,0.061,0.126,0.195,0.053,0.134,0.19,0.194
2026-04-06T11:40:42.279,1775446842279,2,exp_static_run1,5.355,2.661,h1_to_h2,clab-srte8-h1,192.168.8.2,1,1,5,5,5,0.0,0.078;0.075;0.035;0.079;0.135,0.035,0.08,0.135,0.031,0.078,0.124,0.133
2026-04-06T11:40:42.279,1775446842279,2,exp_static_run1,5.355,2.661,h2_to_h1,clab-srte8-h2,192.168.1.2,1,1,5,5,5,0.0,0.106;0.079;0.069;0.071;0.064,0.064,0.077,0.106,0.014,0.071,0.101,0.105
2026-04-06T11:40:44.949,1775446844949,3,exp_static_run1,8.024,2.669,h1_to_h2,clab-srte8-h1,192.168.8.2,1,1,5,5,5,0.0,0.085;0.081;0.048;0.068;0.085,0.048,0.073,0.085,0.014,0.081,0.085,0.085
2026-04-06T11:40:44.949,1775446844949,3,exp_static_run1,8.024,2.669,h2_to_h1,clab-srte8-h2,192.168.1.2,1,1,5,5,5,0.0,0.133;0.052;0.072;0.035;0.070,0.035,0.072,0.133,0.033,0.07,0.121,0.131
2026-04-06T11:40:47.597,1775446847597,4,exp_static_run1,10.673,2.649,h1_to_h2,clab-srte8-h1,192.168.8.2,1,1,5,5,5,0.0,0.069;0.146;0.049;0.067;0.033,0.033,0.072,0.146,0.038,0.067,0.131,0.143
2026-04-06T11:40:47.597,1775446847597,4,exp_static_run1,10.673,2.649,h2_to_h1,clab-srte8-h2,192.168.1.2,1,1,5,5,5,0.0,0.047;0.076;0.067;0.037;0.065,0.037,0.058,0.076,0.014,0.065,0.074,0.076
2026-04-06T11:40:50.189,1775446850189,5,exp_static_run1,13.264,2.592,h1_to_h2,clab-srte8-h1,192.168.8.2,1,1,5,5,5,0.0,0.091;0.079;0.036;0.067;0.053,0.036,0.065,0.091,0.019,0.067,0.089,0.091
2026-04-06T11:40:50.189,1775446850189,5,exp_static_run1,13.264,2.592,h2_to_h1,clab-srte8-h2,192.168.1.2,1,1,5,5,5,0.0,0.081;0.092;0.034;0.068;0.037,0.034,0.062,0.092,0.023,0.068,0.09,0.092
2026-04-06T11:40:52.874,1775446852874,6,exp_static_run1,15.95,2.685,h1_to_h2,clab-srte8-h1,192.168.8.2,1,1,5,5,5,0.0,0.067;0.092;0.080;0.077;0.082,0.067,0.079,0.092,0.008,0.08,0.09,0.092
2026-04-06T11:40:52.874,1775446852874,6,exp_static_run1,15.95,2.685,h2_to_h1,clab-srte8-h2,192.168.1.2,1,1,5,5,5,0.0,0.048;0.037;0.070;0.048;0.063,0.037,0.053,0.07,0.011,0.048,0.069,0.07
2026-04-06T11:40:55.583,1775446855583,7,exp_static_run1,18.658,2.709,h1_to_h2,clab-srte8-h1,192.168.8.2,1,1,5,5,5,0.0,0.066;0.049;0.051;0.039;0.063,0.039,0.053,0.066,0.009,0.051,0.065,0.066
2026-04-06T11:40:55.583,1775446855583,7,exp_static_run1,18.658,2.709,h2_to_h1,clab-srte8-h2,192.168.1.2,1,1,5,5,5,0.0,0.057;0.056;0.068;0.056;0.051,0.051,0.057,0.068,0.005,0.056,0.066,0.068
2026-04-06T11:40:58.224,1775446858224,8,exp_static_run1,21.3,2.642,h1_to_h2,clab-srte8-h1,192.168.8.2,1,1,5,5,5,0.0,0.051;0.050;0.049;0.071;0.099,0.049,0.064,0.099,0.019,0.051,0.093,0.098
2026-04-06T11:40:58.224,1775446858224,8,exp_static_run1,21.3,2.642,h2_to_h1,clab-srte8-h2,192.168.1.2,1,1,5,5,5,0.0,0.136;0.038;0.067;0.072;0.049,0.038,0.072,0.136,0.034,0.067,0.123,0.133
2026-04-06T11:41:00.849,1775446860849,9,exp_static_run1,23.925,2.625,h1_to_h2,clab-srte8-h1,192.168.8.2,1,1,5,5,5,0.0,0.046;0.038;0.061;0.055;0.109,0.038,0.061,0.109,0.024,0.055,0.099,0.107
2026-04-06T11:41:00.849,1775446860849,9,exp_static_run1,23.925,2.625,h2_to_h1,clab-srte8-h2,192.168.1.2,1,1,5,5,5,0.0,0.047;0.067;0.055;0.059;0.064,0.047,0.058,0.067,0.007,0.059,0.066,0.067
2026-04-06T11:41:03.554,1775446863554,10,exp_static_run1,26.629,2.705,h1_to_h2,clab-srte8-h1,192.168.8.2,1,1,5,5,5,0.0,0.091;0.069;0.259;0.161;0.045,0.045,0.125,0.259,0.077,0.091,0.239,0.255
2026-04-06T11:41:03.554,1775446863554,10,exp_static_run1,26.629,2.705,h2_to_h1,clab-srte8-h2,192.168.1.2,1,1,5,5,5,0.0,0.110;0.058;0.074;0.081;0.083,0.058,0.081,0.11,0.016,0.081,0.105,0.109
2026-04-06T11:41:06.218,1775446866218,11,exp_static_run1,29.293,2.664,h1_to_h2,clab-srte8-h1,192.168.8.2,1,1,5,5,5,0.0,0.083;0.070;0.259;0.089;0.084,0.07,0.117,0.259,0.071,0.084,0.225,0.252
2026-04-06T11:41:06.218,1775446866218,11,exp_static_run1,29.293,2.664,h2_to_h1,clab-srte8-h2,192.168.1.2,1,1,5,5,5,0.0,0.688;0.093;0.069;0.079;0.069,0.069,0.199,0.688,0.244,0.079,0.569,0.664
2026-04-06T11:41:08.892,1775446868892,12,exp_static_run1,31.968,2.674,h1_to_h2,clab-srte8-h1,192.168.8.2,1,1,5,5,5,0.0,0.127;0.102;0.094;0.066;0.071,0.066,0.092,0.127,0.022,0.094,0.122,0.126
2026-04-06T11:41:08.892,1775446868892,12,exp_static_run1,31.968,2.674,h2_to_h1,clab-srte8-h2,192.168.1.2,1,1,5,5,5,0.0,0.068;0.067;0.049;0.046;0.067,0.046,0.059,0.068,0.009,0.067,0.068,0.068
2026-04-06T11:41:11.527,1775446871527,13,exp_static_run1,34.603,2.635,h1_to_h2,clab-srte8-h1,192.168.8.2,1,1,5,5,5,0.0,0.081;0.059;0.068;0.097;0.079,0.059,0.076,0.097,0.012,0.079,0.094,0.096
2026-04-06T11:41:11.527,1775446871527,13,exp_static_run1,34.603,2.635,h2_to_h1,clab-srte8-h2,192.168.1.2,1,1,5,5,5,0.0,0.097;0.069;0.106;0.065;0.065,0.065,0.08,0.106,0.017,0.069,0.104,0.106
2026-04-06T11:41:14.204,1775446874204,14,exp_static_run1,37.28,2.677,h1_to_h2,clab-srte8-h1,192.168.8.2,1,1,5,5,5,0.0,0.094;0.068;0.085;0.069;0.065,0.065,0.076,0.094,0.011,0.069,0.092,0.094
2026-04-06T11:41:14.204,1775446874204,14,exp_static_run1,37.28,2.677,h2_to_h1,clab-srte8-h2,192.168.1.2,1,1,5,5,5,0.0,0.202;0.040;0.038;0.082;0.077,0.038,0.087,0.202,0.059,0.077,0.178,0.197
2026-04-06T11:41:16.861,1775446876861,15,exp_static_run1,39.937,2.657,h1_to_h2,clab-srte8-h1,192.168.8.2,1,1,5,5,5,0.0,0.079;0.037;0.078;0.072;0.041,0.037,0.061,0.079,0.018,0.072,0.079,0.079
2026-04-06T11:41:16.861,1775446876861,15,exp_static_run1,39.937,2.657,h2_to_h1,clab-srte8-h2,192.168.1.2,1,1,5,5,5,0.0,0.055;0.083;0.065;0.040;0.035,0.035,0.055,0.083,0.017,0.055,0.079,0.082
2026-04-06T11:41:19.605,1775446879605,16,exp_static_run1,42.68,2.743,h1_to_h2,clab-srte8-h1,192.168.8.2,1,1,5,5,5,0.0,0.073;0.077;0.053;0.064;0.061,0.053,0.065,0.077,0.008,0.064,0.076,0.077
2026-04-06T11:41:19.605,1775446879605,16,exp_static_run1,42.68,2.743,h2_to_h1,clab-srte8-h2,192.168.1.2,1,1,5,5,5,0.0,0.391;0.066;0.079;0.039;0.060,0.039,0.127,0.391,0.132,0.066,0.329,0.379
2026-04-06T11:41:22.239,1775446882239,17,exp_static_run1,45.314,2.634,h1_to_h2,clab-srte8-h1,192.168.8.2,1,1,5,5,5,0.0,0.068;0.661;0.071;0.471;0.113,0.068,0.276,0.661,0.244,0.113,0.623,0.653
2026-04-06T11:41:22.239,1775446882239,17,exp_static_run1,45.314,2.634,h2_to_h1,clab-srte8-h2,192.168.1.2,1,1,5,5,5,0.0,0.099;0.038;0.047;0.037;0.049,0.037,0.054,0.099,0.023,0.047,0.089,0.097
2026-04-06T11:41:25.224,1775446885224,18,exp_static_run1,48.3,2.986,h1_to_h2,clab-srte8-h1,192.168.8.2,1,1,5,5,5,0.0,0.074;0.054;0.072;0.044;0.051,0.044,0.059,0.074,0.011,0.054,0.074,0.074
2026-04-06T11:41:25.224,1775446885224,18,exp_static_run1,48.3,2.986,h2_to_h1,clab-srte8-h2,192.168.1.2,1,1,5,5,5,0.0,0.081;0.040;0.041;0.067;0.085,0.04,0.062,0.085,0.019,0.067,0.084,0.085
2026-04-06T11:41:27.902,1775446887902,19,exp_static_run1,50.977,2.678,h1_to_h2,clab-srte8-h1,192.168.8.2,1,1,5,5,5,0.0,0.093;0.060;0.070;0.054;0.120,0.054,0.079,0.12,0.024,0.07,0.115,0.119
2026-04-06T11:41:27.902,1775446887902,19,exp_static_run1,50.977,2.678,h2_to_h1,clab-srte8-h2,192.168.1.2,1,1,5,5,5,0.0,0.060;0.063;0.068;0.174;0.042,0.042,0.081,0.174,0.047,0.063,0.153,0.17
2026-04-06T11:41:30.937,1775446890937,20,exp_static_run1,54.013,3.036,h1_to_h2,clab-srte8-h1,192.168.8.2,1,1,5,5,5,0.0,0.102;0.069;0.106;0.071;0.121,0.069,0.093,0.121,0.02,0.102,0.118,0.12
2026-04-06T11:41:30.937,1775446890937,20,exp_static_run1,54.013,3.036,h2_to_h1,clab-srte8-h2,192.168.1.2,1,1,5,5,5,0.0,0.056;0.038;0.079;0.052;0.038,0.038,0.052,0.079,0.015,0.052,0.074,0.078
2026-04-06T11:41:33.725,1775446893725,21,exp_static_run1,56.801,2.788,h1_to_h2,clab-srte8-h1,192.168.8.2,1,1,5,5,5,0.0,0.071;0.083;0.067;0.083;0.062,0.062,0.073,0.083,0.008,0.071,0.083,0.083
2026-04-06T11:41:33.725,1775446893725,21,exp_static_run1,56.801,2.788,h2_to_h1,clab-srte8-h2,192.168.1.2,1,1,5,5,5,0.0,0.118;0.119;0.063;0.066;0.068,0.063,0.086,0.119,0.025,0.068,0.119,0.119
2026-04-06T11:41:36.389,1775446896389,22,exp_static_run1,59.465,2.664,h1_to_h2,clab-srte8-h1,192.168.8.2,1,1,5,5,5,0.0,0.087;0.084;0.084;0.090;0.062,0.062,0.081,0.09,0.01,0.084,0.089,0.09
2026-04-06T11:41:36.389,1775446896389,22,exp_static_run1,59.465,2.664,h2_to_h1,clab-srte8-h2,192.168.1.2,1,1,5,5,5,0.0,0.135;0.069;0.066;0.079;0.071,0.066,0.084,0.135,0.025,0.071,0.124,0.133
2026-04-06T11:41:39.102,1775446899102,23,exp_static_run1,62.178,2.713,h1_to_h2,clab-srte8-h1,192.168.8.2,1,1,5,5,5,0.0,0.073;0.049;0.045;0.070;0.069,0.045,0.061,0.073,0.011,0.069,0.072,0.073
2026-04-06T11:41:39.102,1775446899102,23,exp_static_run1,62.178,2.713,h2_to_h1,clab-srte8-h2,192.168.1.2,1,1,5,5,5,0.0,0.116;0.065;0.058;0.089;0.066,0.058,0.078,0.116,0.021,0.066,0.111,0.115
2026-04-06T11:41:41.722,1775446901722,24,exp_static_run1,64.798,2.62,h1_to_h2,clab-srte8-h1,192.168.8.2,1,1,5,5,5,0.0,0.109;0.051;0.068;0.081;0.106,0.051,0.083,0.109,0.022,0.081,0.108,0.109
2026-04-06T11:41:41.722,1775446901722,24,exp_static_run1,64.798,2.62,h2_to_h1,clab-srte8-h2,192.168.1.2,1,1,5,5,5,0.0,0.137;0.078;0.068;0.067;0.051,0.051,0.08,0.137,0.029,0.068,0.125,0.135
2026-04-06T11:41:44.376,1775446904376,25,exp_static_run1,67.452,2.654,h1_to_h2,clab-srte8-h1,192.168.8.2,1,1,5,5,5,0.0,0.099;0.095;0.081;0.080;0.069,0.069,0.084,0.099,0.01,0.081,0.098,0.099
2026-04-06T11:41:44.376,1775446904376,25,exp_static_run1,67.452,2.654,h2_to_h1,clab-srte8-h2,192.168.1.2,1,1,5,5,5,0.0,0.081;0.075;0.067;0.049;0.060,0.049,0.066,0.081,0.011,0.067,0.08,0.081
2026-04-06T11:41:47.050,1775446907050,26,exp_static_run1,70.125,2.674,h1_to_h2,clab-srte8-h1,192.168.8.2,1,1,5,5,5,0.0,0.063;0.040;0.036;0.035;0.046,0.035,0.044,0.063,0.01,0.04,0.06,0.062
2026-04-06T11:41:47.050,1775446907050,26,exp_static_run1,70.125,2.674,h2_to_h1,clab-srte8-h2,192.168.1.2,1,1,5,5,5,0.0,0.052;0.087;0.070;0.039;0.077,0.039,0.065,0.087,0.017,0.07,0.085,0.087
2026-04-06T11:41:49.729,1775446909729,27,exp_static_run1,72.805,2.68,h1_to_h2,clab-srte8-h1,192.168.8.2,1,1,5,5,5,0.0,0.137;0.068;0.165;0.033;0.071,0.033,0.094,0.165,0.048,0.071,0.159,0.164
2026-04-06T11:41:49.729,1775446909729,27,exp_static_run1,72.805,2.68,h2_to_h1,clab-srte8-h2,192.168.1.2,1,1,5,5,5,0.0,0.068;0.093;0.067;0.071;0.037,0.037,0.067,0.093,0.017,0.068,0.089,0.092
2026-04-06T11:41:52.413,1775446912413,28,exp_static_run1,75.489,2.684,h1_to_h2,clab-srte8-h1,192.168.8.2,1,1,5,5,5,0.0,0.068;0.096;0.070;0.042;0.067,0.042,0.068,0.096,0.017,0.068,0.091,0.095
2026-04-06T11:41:52.413,1775446912413,28,exp_static_run1,75.489,2.684,h2_to_h1,clab-srte8-h2,192.168.1.2,1,1,5,5,5,0.0,0.106;0.070;0.034;0.069;0.035,0.034,0.062,0.106,0.026,0.069,0.099,0.105
2026-04-06T11:41:55.045,1775446915045,29,exp_static_run1,78.121,2.632,h1_to_h2,clab-srte8-h1,192.168.8.2,1,1,5,5,5,0.0,0.053;0.094;0.037;0.069;0.054,0.037,0.061,0.094,0.019,0.054,0.089,0.093
2026-04-06T11:41:55.045,1775446915045,29,exp_static_run1,78.121,2.632,h2_to_h1,clab-srte8-h2,192.168.1.2,1,1,5,5,5,0.0,0.055;0.054;0.069;0.076;0.067,0.054,0.064,0.076,0.008,0.067,0.075,0.076
2026-04-06T11:41:57.653,1775446917653,30,exp_static_run1,80.729,2.607,h1_to_h2,clab-srte8-h1,192.168.8.2,1,1,5,5,5,0.0,0.071;0.060;0.076;0.078;0.112,0.06,0.079,0.112,0.017,0.076,0.105,0.111
2026-04-06T11:41:57.653,1775446917653,30,exp_static_run1,80.729,2.607,h2_to_h1,clab-srte8-h2,192.168.1.2,1,1,5,5,5,0.0,0.057;0.093;0.124;0.068;0.060,0.057,0.08,0.124,0.025,0.068,0.118,0.123
2026-04-06T11:42:00.326,1775446920326,31,exp_static_run1,83.402,2.673,h1_to_h2,clab-srte8-h1,192.168.8.2,1,1,5,5,5,0.0,0.071;0.047;0.068;0.069;0.040,0.04,0.059,0.071,0.012,0.068,0.071,0.071
2026-04-06T11:42:00.326,1775446920326,31,exp_static_run1,83.402,2.673,h2_to_h1,clab-srte8-h2,192.168.1.2,1,1,5,5,5,0.0,0.081;0.067;0.104;0.141;0.070,0.067,0.092,0.141,0.027,0.081,0.134,0.14
2026-04-06T11:42:02.898,1775446922898,32,exp_static_run1,85.973,2.571,h1_to_h2,clab-srte8-h1,192.168.8.2,1,1,5,5,5,0.0,0.071;0.115;0.078;0.065;0.067,0.065,0.079,0.115,0.018,0.071,0.108,0.114
2026-04-06T11:42:02.898,1775446922898,32,exp_static_run1,85.973,2.571,h2_to_h1,clab-srte8-h2,192.168.1.2,1,1,5,5,5,0.0,0.148;0.083;0.059;0.069;0.069,0.059,0.085,0.148,0.032,0.069,0.135,0.145
2026-04-06T11:42:05.690,1775446925690,33,exp_static_run1,88.766,2.793,h1_to_h2,clab-srte8-h1,192.168.8.2,1,1,5,5,5,0.0,0.087;0.067;0.070;0.095;0.094,0.067,0.082,0.095,0.011,0.087,0.095,0.095
2026-04-06T11:42:05.690,1775446925690,33,exp_static_run1,88.766,2.793,h2_to_h1,clab-srte8-h2,192.168.1.2,1,1,5,5,5,0.0,0.133;0.071;0.068;0.087;0.151,0.068,0.102,0.151,0.033,0.087,0.147,0.15
2026-04-06T11:42:08.320,1775446928320,34,exp_static_run1,91.396,2.63,h1_to_h2,clab-srte8-h1,192.168.8.2,1,1,5,5,5,0.0,0.103;0.070;0.268;0.104;0.069,0.069,0.122,0.268,0.074,0.103,0.235,0.261
2026-04-06T11:42:08.320,1775446928320,34,exp_static_run1,91.396,2.63,h2_to_h1,clab-srte8-h2,192.168.1.2,1,1,5,5,5,0.0,0.110;0.060;0.084;0.069;0.070,0.06,0.078,0.11,0.017,0.07,0.105,0.109
2026-04-06T11:42:10.983,1775446930983,35,exp_static_run1,94.059,2.663,h1_to_h2,clab-srte8-h1,192.168.8.2,1,1,5,5,5,0.0,0.108;0.069;0.101;0.150;0.130,0.069,0.111,0.15,0.027,0.108,0.146,0.149
2026-04-06T11:42:10.983,1775446930983,35,exp_static_run1,94.059,2.663,h2_to_h1,clab-srte8-h2,192.168.1.2,1,1,5,5,5,0.0,0.074;0.079;0.064;0.068;0.067,0.064,0.07,0.079,0.005,0.068,0.078,0.079
2026-04-06T11:42:13.603,1775446933603,36,exp_static_run1,96.679,2.62,h1_to_h2,clab-srte8-h1,192.168.8.2,1,1,5,5,5,0.0,0.105;0.077;0.067;0.090;0.084,0.067,0.084,0.105,0.012,0.084,0.102,0.104
2026-04-06T11:42:13.603,1775446933603,36,exp_static_run1,96.679,2.62,h2_to_h1,clab-srte8-h2,192.168.1.2,1,1,5,5,5,0.0,0.157;0.042;0.074;0.068;0.069,0.042,0.082,0.157,0.039,0.069,0.14,0.154
2026-04-06T11:42:16.254,1775446936254,37,exp_static_run1,99.33,2.651,h1_to_h2,clab-srte8-h1,192.168.8.2,1,1,5,5,5,0.0,0.060;0.090;0.035;0.037;0.060,0.035,0.056,0.09,0.019,0.06,0.084,0.089
2026-04-06T11:42:16.254,1775446936254,37,exp_static_run1,99.33,2.651,h2_to_h1,clab-srte8-h2,192.168.1.2,1,1,5,5,5,0.0,0.047;0.177;0.052;0.068;0.037,0.037,0.076,0.177,0.051,0.052,0.155,0.173
2026-04-06T11:42:18.898,1775446938898,38,exp_static_run1,101.974,2.644,h1_to_h2,clab-srte8-h1,192.168.8.2,1,1,5,5,5,0.0,0.055;0.070;0.086;0.057;0.047,0.047,0.063,0.086,0.013,0.057,0.083,0.085
2026-04-06T11:42:18.898,1775446938898,38,exp_static_run1,101.974,2.644,h2_to_h1,clab-srte8-h2,192.168.1.2,1,1,5,5,5,0.0,0.047;0.068;0.043;0.216;0.035,0.035,0.081,0.216,0.067,0.047,0.186,0.21
2026-04-06T11:42:21.522,1775446941522,39,exp_static_run1,104.597,2.623,h1_to_h2,clab-srte8-h1,192.168.8.2,1,1,5,5,5,0.0,0.064;0.038;0.037;0.080;0.073,0.037,0.058,0.08,0.017,0.064,0.079,0.08
2026-04-06T11:42:21.522,1775446941522,39,exp_static_run1,104.597,2.623,h2_to_h1,clab-srte8-h2,192.168.1.2,1,1,5,5,5,0.0,0.063;0.055;0.037;0.081;0.058,0.037,0.058,0.081,0.014,0.058,0.077,0.08
2026-04-06T11:42:24.180,1775446944180,40,exp_static_run1,107.256,2.659,h1_to_h2,clab-srte8-h1,192.168.8.2,1,1,5,5,5,0.0,0.049;0.070;0.049;0.038;0.040,0.038,0.049,0.07,0.011,0.049,0.066,0.069
2026-04-06T11:42:24.180,1775446944180,40,exp_static_run1,107.256,2.659,h2_to_h1,clab-srte8-h2,192.168.1.2,1,1,5,5,5,0.0,0.071;0.068;0.070;0.047;0.068,0.047,0.064,0.071,0.009,0.068,0.071,0.071
2026-04-06T11:42:26.854,1775446946854,41,exp_static_run1,109.93,2.674,h1_to_h2,clab-srte8-h1,192.168.8.2,1,1,5,5,5,0.0,0.062;0.071;0.074;0.043;0.072,0.043,0.064,0.074,0.011,0.071,0.074,0.074
2026-04-06T11:42:26.854,1775446946854,41,exp_static_run1,109.93,2.674,h2_to_h1,clab-srte8-h2,192.168.1.2,1,1,5,5,5,0.0,0.049;0.077;0.039;0.074;0.071,0.039,0.062,0.077,0.015,0.071,0.076,0.077
2026-04-06T11:42:29.530,1775446949530,42,exp_static_run1,112.605,2.676,h1_to_h2,clab-srte8-h1,192.168.8.2,1,1,5,5,5,0.0,0.054;0.073;0.081;0.047;0.069,0.047,0.064,0.081,0.012,0.069,0.079,0.081
2026-04-06T11:42:29.530,1775446949530,42,exp_static_run1,112.605,2.676,h2_to_h1,clab-srte8-h2,192.168.1.2,1,1,5,5,5,0.0,0.060;0.068;0.068;0.075;0.052,0.052,0.064,0.075,0.007,0.068,0.074,0.075
2026-04-06T11:42:32.194,1775446952194,43,exp_static_run1,115.269,2.664,h1_to_h2,clab-srte8-h1,192.168.8.2,1,1,5,5,5,0.0,0.073;0.070;0.103;0.259;0.068,0.068,0.114,0.259,0.073,0.073,0.228,0.253
2026-04-06T11:42:32.194,1775446952194,43,exp_static_run1,115.269,2.664,h2_to_h1,clab-srte8-h2,192.168.1.2,1,1,5,5,5,0.0,0.075;0.074;0.067;0.091;0.105,0.067,0.082,0.105,0.013,0.075,0.102,0.104
2026-04-06T11:42:34.844,1775446954844,44,exp_static_run1,117.92,2.651,h1_to_h2,clab-srte8-h1,192.168.8.2,1,1,5,5,5,0.0,0.084;0.080;0.067;0.068;0.069,0.067,0.073,0.084,0.007,0.069,0.083,0.084
2026-04-06T11:42:34.844,1775446954844,44,exp_static_run1,117.92,2.651,h2_to_h1,clab-srte8-h2,192.168.1.2,1,1,5,5,5,0.0,0.077;0.095;0.091;0.093;0.058,0.058,0.082,0.095,0.013,0.091,0.095,0.095
2026-04-06T11:42:37.482,1775446957482,45,exp_static_run1,120.558,2.638,h1_to_h2,clab-srte8-h1,192.168.8.2,1,1,5,5,5,0.0,0.073;0.099;0.069;0.065;0.068,0.065,0.074,0.099,0.012,0.069,0.094,0.098
2026-04-06T11:42:37.482,1775446957482,45,exp_static_run1,120.558,2.638,h2_to_h1,clab-srte8-h2,192.168.1.2,1,1,5,5,5,0.0,0.086;0.070;0.075;0.068;0.065,0.065,0.072,0.086,0.007,0.07,0.084,0.086
2026-04-06T11:42:40.132,1775446960132,46,exp_static_run1,123.207,2.649,h1_to_h2,clab-srte8-h1,192.168.8.2,1,1,5,5,5,0.0,0.085;0.127;0.068;0.080;0.063,0.063,0.084,0.127,0.022,0.08,0.119,0.125
2026-04-06T11:42:40.132,1775446960132,46,exp_static_run1,123.207,2.649,h2_to_h1,clab-srte8-h2,192.168.1.2,1,1,5,5,5,0.0,0.078;0.067;0.065;0.090;0.065,0.065,0.073,0.09,0.009,0.067,0.088,0.09
2026-04-06T11:42:42.780,1775446962780,47,exp_static_run1,125.856,2.649,h1_to_h2,clab-srte8-h1,192.168.8.2,1,1,5,5,5,0.0,0.080;0.070;0.080;0.101;0.066,0.066,0.079,0.101,0.012,0.08,0.097,0.1
2026-04-06T11:42:42.780,1775446962780,47,exp_static_run1,125.856,2.649,h2_to_h1,clab-srte8-h2,192.168.1.2,1,1,5,5,5,0.0,0.070;0.084;0.069;0.070;0.057,0.057,0.07,0.084,0.008,0.07,0.081,0.083
2026-04-06T11:42:45.397,1775446965397,48,exp_static_run1,128.473,2.617,h1_to_h2,clab-srte8-h1,192.168.8.2,1,1,5,5,5,0.0,0.051;0.054;0.061;0.040;0.087,0.04,0.058,0.087,0.015,0.054,0.082,0.086
2026-04-06T11:42:45.397,1775446965397,48,exp_static_run1,128.473,2.617,h2_to_h1,clab-srte8-h2,192.168.1.2,1,1,5,5,5,0.0,0.058;0.067;0.037;0.076;0.080,0.037,0.063,0.08,0.015,0.067,0.079,0.08
2026-04-06T11:42:48.021,1775446968021,49,exp_static_run1,131.096,2.623,h1_to_h2,clab-srte8-h1,192.168.8.2,1,1,5,5,5,0.0,0.054;0.069;0.072;0.079;0.036,0.036,0.062,0.079,0.015,0.069,0.078,0.079
2026-04-06T11:42:48.021,1775446968021,49,exp_static_run1,131.096,2.623,h2_to_h1,clab-srte8-h2,192.168.1.2,1,1,5,5,5,0.0,0.053;0.047;0.077;0.093;0.056,0.047,0.065,0.093,0.017,0.056,0.09,0.092
2026-04-06T11:42:50.691,1775446970691,50,exp_static_run1,133.766,2.67,h1_to_h2,clab-srte8-h1,192.168.8.2,1,1,5,5,5,0.0,0.080;0.086;0.034;0.066;0.110,0.034,0.075,0.11,0.025,0.08,0.105,0.109
2026-04-06T11:42:50.691,1775446970691,50,exp_static_run1,133.766,2.67,h2_to_h1,clab-srte8-h2,192.168.1.2,1,1,5,5,5,0.0,0.072;0.051;0.036;0.050;0.092,0.036,0.06,0.092,0.019,0.051,0.088,0.091
2026-04-06T11:42:53.338,1775446973338,51,exp_static_run1,136.414,2.648,h1_to_h2,clab-srte8-h1,192.168.8.2,1,1,5,5,5,0.0,0.066;0.067;0.085;0.056;0.064,0.056,0.067,0.085,0.009,0.066,0.081,0.084
2026-04-06T11:42:53.338,1775446973338,51,exp_static_run1,136.414,2.648,h2_to_h1,clab-srte8-h2,192.168.1.2,1,1,5,5,5,0.0,0.080;0.078;0.069;0.083;0.068,0.068,0.075,0.083,0.006,0.078,0.082,0.083
2026-04-06T11:42:55.982,1775446975982,52,exp_static_run1,139.058,2.644,h1_to_h2,clab-srte8-h1,192.168.8.2,1,1,5,5,5,0.0,0.044;0.047;0.064;0.069;0.064,0.044,0.057,0.069,0.01,0.064,0.068,0.069
2026-04-06T11:42:55.982,1775446975982,52,exp_static_run1,139.058,2.644,h2_to_h1,clab-srte8-h2,192.168.1.2,1,1,5,5,5,0.0,0.073;0.040;0.108;0.068;0.166,0.04,0.091,0.166,0.043,0.073,0.154,0.164
2026-04-06T11:42:58.598,1775446978598,53,exp_static_run1,141.673,2.616,h1_to_h2,clab-srte8-h1,192.168.8.2,1,1,5,5,5,0.0,0.067;0.113;0.063;0.033;0.217,0.033,0.098,0.217,0.064,0.067,0.196,0.213
2026-04-06T11:42:58.598,1775446978598,53,exp_static_run1,141.673,2.616,h2_to_h1,clab-srte8-h2,192.168.1.2,1,1,5,5,5,0.0,0.069;0.042;0.032;0.059;0.040,0.032,0.048,0.069,0.013,0.042,0.067,0.069
2026-04-06T11:43:01.232,1775446981232,54,exp_static_run1,144.308,2.635,h1_to_h2,clab-srte8-h1,192.168.8.2,1,1,5,5,5,0.0,0.071;0.047;0.134;0.053;0.079,0.047,0.076,0.134,0.03,0.071,0.123,0.132
2026-04-06T11:43:01.232,1775446981232,54,exp_static_run1,144.308,2.635,h2_to_h1,clab-srte8-h2,192.168.1.2,1,1,5,5,5,0.0,0.091;0.054;0.202;0.133;0.071,0.054,0.11,0.202,0.052,0.091,0.188,0.199
2026-04-06T11:43:04.346,1775446984346,55,exp_static_run1,147.421,3.113,h1_to_h2,clab-srte8-h1,192.168.8.2,1,1,5,5,5,0.0,0.074;0.086;0.107;0.064;0.091,0.064,0.084,0.107,0.014,0.086,0.104,0.106
2026-04-06T11:43:04.346,1775446984346,55,exp_static_run1,147.421,3.113,h2_to_h1,clab-srte8-h2,192.168.1.2,1,1,5,5,5,0.0,0.093;0.068;0.077;0.053;0.083,0.053,0.074,0.093,0.013,0.077,0.091,0.093
2026-04-06T11:43:06.985,1775446986985,56,exp_static_run1,150.061,2.64,h1_to_h2,clab-srte8-h1,192.168.8.2,1,1,5,5,5,0.0,0.077;0.101;0.083;0.156;0.067,0.067,0.096,0.156,0.031,0.083,0.145,0.154
2026-04-06T11:43:06.985,1775446986985,56,exp_static_run1,150.061,2.64,h2_to_h1,clab-srte8-h2,192.168.1.2,1,1,5,5,5,0.0,0.117;0.082;0.144;0.197;0.065,0.065,0.121,0.197,0.046,0.117,0.186,0.195
2026-04-06T11:43:09.646,1775446989646,57,exp_static_run1,152.722,2.661,h1_to_h2,clab-srte8-h1,192.168.8.2,1,1,5,5,5,0.0,0.095;0.068;0.067;0.069;0.071,0.067,0.074,0.095,0.01,0.069,0.09,0.094
2026-04-06T11:43:09.646,1775446989646,57,exp_static_run1,152.722,2.661,h2_to_h1,clab-srte8-h2,192.168.1.2,1,1,5,5,5,0.0,0.176;0.086;0.068;0.071;0.069,0.068,0.094,0.176,0.041,0.071,0.158,0.172
2026-04-06T11:43:12.331,1775446992331,58,exp_static_run1,155.407,2.685,h1_to_h2,clab-srte8-h1,192.168.8.2,1,1,5,5,5,0.0,0.101;0.068;0.110;0.139;0.064,0.064,0.096,0.139,0.027,0.101,0.133,0.138
2026-04-06T11:43:12.331,1775446992331,58,exp_static_run1,155.407,2.685,h2_to_h1,clab-srte8-h2,192.168.1.2,1,1,5,5,5,0.0,0.076;0.079;0.145;0.070;0.067,0.067,0.087,0.145,0.029,0.076,0.132,0.142
2026-04-06T11:43:14.973,1775446994973,59,exp_static_run1,158.048,2.642,h1_to_h2,clab-srte8-h1,192.168.8.2,1,1,5,5,5,0.0,0.087;0.147;0.068;0.084;0.147,0.068,0.106,0.147,0.033,0.087,0.147,0.147
2026-04-06T11:43:14.973,1775446994973,59,exp_static_run1,158.048,2.642,h2_to_h1,clab-srte8-h2,192.168.1.2,1,1,5,5,5,0.0,0.190;0.037;0.050;0.070;0.083,0.037,0.086,0.19,0.054,0.07,0.169,0.186
2026-04-06T11:43:17.652,1775446997652,60,exp_static_run1,160.728,2.679,h1_to_h2,clab-srte8-h1,192.168.8.2,1,1,5,5,5,0.0,0.079;0.076;0.057;0.070;0.074,0.057,0.071,0.079,0.007,0.074,0.078,0.079
2026-04-06T11:43:17.652,1775446997652,60,exp_static_run1,160.728,2.679,h2_to_h1,clab-srte8-h2,192.168.1.2,1,1,5,5,5,0.0,0.076;0.082;0.090;0.069;0.068,0.068,0.077,0.09,0.008,0.076,0.088,0.09
2026-04-06T11:43:20.310,1775447000310,61,exp_static_run1,163.386,2.658,h1_to_h2,clab-srte8-h1,192.168.8.2,1,1,5,5,5,0.0,0.069;0.071;0.053;0.072;0.098,0.053,0.072,0.098,0.014,0.071,0.093,0.097
2026-04-06T11:43:20.310,1775447000310,61,exp_static_run1,163.386,2.658,h2_to_h1,clab-srte8-h2,192.168.1.2,1,1,5,5,5,0.0,0.074;0.046;0.048;0.057;0.137,0.046,0.072,0.137,0.033,0.057,0.124,0.134
2026-04-06T11:43:22.971,1775447002971,62,exp_static_run1,166.046,2.66,h1_to_h2,clab-srte8-h1,192.168.8.2,1,1,5,5,5,0.0,0.111;0.063;0.054;0.049;0.283,0.049,0.112,0.283,0.088,0.063,0.249,0.276
2026-04-06T11:43:22.971,1775447002971,62,exp_static_run1,166.046,2.66,h2_to_h1,clab-srte8-h2,192.168.1.2,1,1,5,5,5,0.0,0.125;0.039;0.045;0.049;0.065,0.039,0.064,0.125,0.031,0.049,0.113,0.123
2026-04-06T11:43:26.040,1775447006040,63,exp_static_run1,169.115,3.069,h1_to_h2,clab-srte8-h1,192.168.8.2,1,1,5,5,5,0.0,0.149;0.070;0.068;0.078;0.044,0.044,0.081,0.149,0.035,0.07,0.135,0.146
2026-04-06T11:43:26.040,1775447006040,63,exp_static_run1,169.115,3.069,h2_to_h1,clab-srte8-h2,192.168.1.2,1,1,5,5,5,0.0,0.095;0.075;0.049;0.037;0.258,0.037,0.102,0.258,0.08,0.075,0.225,0.251
2026-04-06T11:43:28.920,1775447008920,64,exp_static_run1,171.995,2.88,h1_to_h2,clab-srte8-h1,192.168.8.2,1,1,5,5,5,0.0,0.047;0.034;0.045;0.065;0.049,0.034,0.048,0.065,0.01,0.047,0.062,0.064
2026-04-06T11:43:28.920,1775447008920,64,exp_static_run1,171.995,2.88,h2_to_h1,clab-srte8-h2,192.168.1.2,1,1,5,5,5,0.0,0.133;0.075;0.085;0.083;0.067,0.067,0.088,0.133,0.023,0.083,0.123,0.131
2026-04-06T11:43:31.665,1775447011665,65,exp_static_run1,174.741,2.746,h1_to_h2,clab-srte8-h1,192.168.8.2,1,1,5,5,5,0.0,0.055;0.067;0.065;0.070;0.083,0.055,0.068,0.083,0.009,0.067,0.08,0.082
2026-04-06T11:43:31.665,1775447011665,65,exp_static_run1,174.741,2.746,h2_to_h1,clab-srte8-h2,192.168.1.2,1,1,5,5,5,0.0,0.081;0.036;0.059;0.079;0.111,0.036,0.073,0.111,0.024,0.079,0.105,0.11
2026-04-06T11:43:34.326,1775447014326,66,exp_static_run1,177.401,2.661,h1_to_h2,clab-srte8-h1,192.168.8.2,1,1,5,5,5,0.0,0.073;0.094;0.068;0.135;0.068,0.068,0.087,0.135,0.025,0.073,0.127,0.133
2026-04-06T11:43:34.326,1775447014326,66,exp_static_run1,177.401,2.661,h2_to_h1,clab-srte8-h2,192.168.1.2,1,1,5,5,5,0.0,0.097;0.080;0.060;0.081;0.093,0.06,0.082,0.097,0.012,0.081,0.096,0.097
2026-04-06T11:43:37.030,1775447017030,67,exp_static_run1,180.105,2.704,h1_to_h2,clab-srte8-h1,192.168.8.2,1,1,5,5,5,0.0,0.078;0.095;0.067;0.060;0.068,0.06,0.073,0.095,0.012,0.068,0.092,0.094
2026-04-06T11:43:37.030,1775447017030,67,exp_static_run1,180.105,2.704,h2_to_h1,clab-srte8-h2,192.168.1.2,1,1,5,5,5,0.0,0.079;0.090;0.066;0.162;0.081,0.066,0.095,0.162,0.034,0.081,0.148,0.159
2026-04-06T11:43:39.697,1775447019697,68,exp_static_run1,182.773,2.668,h1_to_h2,clab-srte8-h1,192.168.8.2,1,1,5,5,5,0.0,0.089;0.065;0.067;0.067;0.106,0.065,0.078,0.106,0.016,0.067,0.103,0.105
2026-04-06T11:43:39.697,1775447019697,68,exp_static_run1,182.773,2.668,h2_to_h1,clab-srte8-h2,192.168.1.2,1,1,5,5,5,0.0,0.083;0.067;0.109;0.075;0.098,0.067,0.086,0.109,0.015,0.083,0.107,0.109
2026-04-06T11:43:42.307,1775447022307,69,exp_static_run1,185.382,2.609,h1_to_h2,clab-srte8-h1,192.168.8.2,1,1,5,5,5,0.0,0.099;0.109;0.068;0.067;0.189,0.067,0.106,0.189,0.044,0.099,0.173,0.186
2026-04-06T11:43:42.307,1775447022307,69,exp_static_run1,185.382,2.609,h2_to_h1,clab-srte8-h2,192.168.1.2,1,1,5,5,5,0.0,0.092;0.068;0.082;0.061;0.079,0.061,0.076,0.092,0.01,0.079,0.09,0.092
2026-04-06T11:43:44.994,1775447024994,70,exp_static_run1,188.07,2.688,h1_to_h2,clab-srte8-h1,192.168.8.2,1,1,5,5,5,0.0,0.076;0.119;0.101;0.068;0.068,0.068,0.086,0.119,0.02,0.076,0.115,0.118
2026-04-06T11:43:44.994,1775447024994,70,exp_static_run1,188.07,2.688,h2_to_h1,clab-srte8-h2,192.168.1.2,1,1,5,5,5,0.0,0.080;0.054;0.069;0.115;0.069,0.054,0.077,0.115,0.02,0.069,0.108,0.114
2026-04-06T11:43:47.657,1775447027657,71,exp_static_run1,190.733,2.663,h1_to_h2,clab-srte8-h1,192.168.8.2,1,1,5,5,5,0.0,0.058;0.096;0.034;0.211;0.036,0.034,0.087,0.211,0.065,0.058,0.188,0.206
2026-04-06T11:43:47.657,1775447027657,71,exp_static_run1,190.733,2.663,h2_to_h1,clab-srte8-h2,192.168.1.2,1,1,5,5,5,0.0,0.051;0.068;0.070;0.121;0.068,0.051,0.075,0.121,0.023,0.068,0.111,0.119
2026-04-06T11:43:50.292,1775447030292,72,exp_static_run1,193.367,2.635,h1_to_h2,clab-srte8-h1,192.168.8.2,1,1,5,5,5,0.0,0.056;0.060;0.070;0.067;0.038,0.038,0.058,0.07,0.011,0.06,0.069,0.07
2026-04-06T11:43:50.292,1775447030292,72,exp_static_run1,193.367,2.635,h2_to_h1,clab-srte8-h2,192.168.1.2,1,1,5,5,5,0.0,0.048;0.069;0.049;0.041;0.075,0.041,0.056,0.075,0.013,0.049,0.074,0.075
2026-04-06T11:43:52.958,1775447032958,73,exp_static_run1,196.034,2.666,h1_to_h2,clab-srte8-h1,192.168.8.2,1,1,5,5,5,0.0,0.053;0.101;0.037;0.070;0.035,0.035,0.059,0.101,0.024,0.053,0.095,0.1
2026-04-06T11:43:52.958,1775447032958,73,exp_static_run1,196.034,2.666,h2_to_h1,clab-srte8-h2,192.168.1.2,1,1,5,5,5,0.0,0.044;0.078;0.076;0.056;0.036,0.036,0.058,0.078,0.016,0.056,0.078,0.078
2026-04-06T11:43:55.652,1775447035652,74,exp_static_run1,198.728,2.694,h1_to_h2,clab-srte8-h1,192.168.8.2,1,1,5,5,5,0.0,0.057;0.067;0.050;0.104;0.073,0.05,0.07,0.104,0.018,0.067,0.098,0.103
2026-04-06T11:43:55.652,1775447035652,74,exp_static_run1,198.728,2.694,h2_to_h1,clab-srte8-h2,192.168.1.2,1,1,5,5,5,0.0,0.048;0.127;0.068;0.086;0.139,0.048,0.093,0.139,0.034,0.086,0.137,0.139
2026-04-06T11:43:58.317,1775447038317,75,exp_static_run1,201.393,2.665,h1_to_h2,clab-srte8-h1,192.168.8.2,1,1,5,5,5,0.0,0.105;0.036;0.077;0.045;0.139,0.036,0.08,0.139,0.038,0.077,0.132,0.138
2026-04-06T11:43:58.317,1775447038317,75,exp_static_run1,201.393,2.665,h2_to_h1,clab-srte8-h2,192.168.1.2,1,1,5,5,5,0.0,0.057;0.061;0.050;0.055;0.074,0.05,0.059,0.074,0.008,0.057,0.071,0.073
2026-04-06T11:44:00.931,1775447040931,76,exp_static_run1,204.006,2.613,h1_to_h2,clab-srte8-h1,192.168.8.2,1,1,5,5,5,0.0,0.052;0.037;0.058;0.057;0.093,0.037,0.059,0.093,0.018,0.057,0.086,0.092
2026-04-06T11:44:00.931,1775447040931,76,exp_static_run1,204.006,2.613,h2_to_h1,clab-srte8-h2,192.168.1.2,1,1,5,5,5,0.0,0.101;0.071;0.056;0.089;0.105,0.056,0.084,0.105,0.018,0.089,0.104,0.105
2026-04-06T11:44:03.560,1775447043560,77,exp_static_run1,206.636,2.63,h1_to_h2,clab-srte8-h1,192.168.8.2,1,1,5,5,5,0.0,0.108;0.066;0.059;0.067;0.078,0.059,0.075,0.108,0.017,0.067,0.102,0.107
2026-04-06T11:44:03.560,1775447043560,77,exp_static_run1,206.636,2.63,h2_to_h1,clab-srte8-h2,192.168.1.2,1,1,5,5,5,0.0,0.070;0.075;0.079;0.067;0.069,0.067,0.072,0.079,0.004,0.07,0.078,0.079
2026-04-06T11:44:06.226,1775447046226,78,exp_static_run1,209.301,2.665,h1_to_h2,clab-srte8-h1,192.168.8.2,1,1,5,5,5,0.0,0.092;0.065;0.066;0.100;0.073,0.065,0.079,0.1,0.014,0.073,0.098,0.1
2026-04-06T11:44:06.226,1775447046226,78,exp_static_run1,209.301,2.665,h2_to_h1,clab-srte8-h2,192.168.1.2,1,1,5,5,5,0.0,0.079;0.065;0.068;0.066;0.067,0.065,0.069,0.079,0.005,0.067,0.077,0.079
2026-04-06T11:44:08.914,1775447048914,79,exp_static_run1,211.99,2.689,h1_to_h2,clab-srte8-h1,192.168.8.2,1,1,5,5,5,0.0,0.123;0.067;0.076;0.064;0.066,0.064,0.079,0.123,0.022,0.067,0.114,0.121
2026-04-06T11:44:08.914,1775447048914,79,exp_static_run1,211.99,2.689,h2_to_h1,clab-srte8-h2,192.168.1.2,1,1,5,5,5,0.0,0.087;0.066;0.090;0.124;0.070,0.066,0.087,0.124,0.02,0.087,0.117,0.123
2026-04-06T11:44:11.542,1775447051542,80,exp_static_run1,214.618,2.628,h1_to_h2,clab-srte8-h1,192.168.8.2,1,1,5,5,5,0.0,0.075;0.074;0.068;0.098;0.080,0.068,0.079,0.098,0.01,0.075,0.094,0.097
2026-04-06T11:44:11.542,1775447051542,80,exp_static_run1,214.618,2.628,h2_to_h1,clab-srte8-h2,192.168.1.2,1,1,5,5,5,0.0,0.192;0.126;0.113;0.182;0.203,0.113,0.163,0.203,0.036,0.182,0.201,0.203
2026-04-06T11:44:14.340,1775447054340,81,exp_static_run1,217.415,2.798,h1_to_h2,clab-srte8-h1,192.168.8.2,1,1,5,5,5,0.0,0.250;0.074;0.110;0.057;0.526,0.057,0.203,0.526,0.175,0.11,0.471,0.515
2026-04-06T11:44:14.340,1775447054340,81,exp_static_run1,217.415,2.798,h2_to_h1,clab-srte8-h2,192.168.1.2,1,1,5,5,5,0.0,0.183;0.056;0.111;0.089;0.076,0.056,0.103,0.183,0.043,0.089,0.169,0.18
2026-04-06T11:44:17.241,1775447057241,82,exp_static_run1,220.317,2.902,h1_to_h2,clab-srte8-h1,192.168.8.2,1,1,5,5,5,0.0,0.090;0.049;0.093;0.039;0.126,0.039,0.079,0.126,0.031,0.09,0.119,0.125
2026-04-06T11:44:17.241,1775447057241,82,exp_static_run1,220.317,2.902,h2_to_h1,clab-srte8-h2,192.168.1.2,1,1,5,5,5,0.0,0.084;0.067;0.080;0.035;0.075,0.035,0.068,0.084,0.017,0.075,0.083,0.084
2026-04-06T11:44:20.062,1775447060062,83,exp_static_run1,223.138,2.821,h1_to_h2,clab-srte8-h1,192.168.8.2,1,1,5,5,5,0.0,0.058;0.039;0.118;0.189;0.084,0.039,0.097,0.189,0.052,0.084,0.175,0.186
2026-04-06T11:44:20.062,1775447060062,83,exp_static_run1,223.138,2.821,h2_to_h1,clab-srte8-h2,192.168.1.2,1,1,5,5,5,0.0,0.091;0.083;0.113;0.092;0.235,0.083,0.122,0.235,0.056,0.092,0.211,0.23
2026-04-06T11:44:22.753,1775447062753,84,exp_static_run1,225.829,2.691,h1_to_h2,clab-srte8-h1,192.168.8.2,1,1,5,5,5,0.0,0.179;0.327;0.033;0.035;0.146,0.033,0.144,0.327,0.108,0.146,0.297,0.321
2026-04-06T11:44:22.753,1775447062753,84,exp_static_run1,225.829,2.691,h2_to_h1,clab-srte8-h2,192.168.1.2,1,1,5,5,5,0.0,0.991;0.420;0.208;0.046;0.040,0.04,0.341,0.991,0.353,0.208,0.877,0.968
2026-04-06T11:44:27.708,1775447067708,85,exp_static_run1,230.784,4.955,h1_to_h2,clab-srte8-h1,192.168.8.2,1,1,5,5,5,0.0,0.101;0.083;0.137;0.056;0.138,0.056,0.103,0.138,0.031,0.101,0.138,0.138
2026-04-06T11:44:27.708,1775447067708,85,exp_static_run1,230.784,4.955,h2_to_h1,clab-srte8-h2,192.168.1.2,1,1,5,5,5,0.0,0.325;0.194;0.048;0.110;0.076,0.048,0.15,0.325,0.1,0.11,0.299,0.32
2026-04-06T11:44:31.857,1775447071857,86,exp_static_run1,234.933,4.149,h1_to_h2,clab-srte8-h1,192.168.8.2,1,1,5,5,5,0.0,0.080;0.157;0.436;0.080;0.347,0.08,0.22,0.436,0.145,0.157,0.418,0.432
2026-04-06T11:44:31.857,1775447071857,86,exp_static_run1,234.933,4.149,h2_to_h1,clab-srte8-h2,192.168.1.2,1,1,5,5,5,0.0,0.213;0.068;0.067;0.080;0.080,0.067,0.101,0.213,0.055,0.08,0.186,0.208
2026-04-06T11:44:35.180,1775447075180,87,exp_static_run1,238.256,3.323,h1_to_h2,clab-srte8-h1,192.168.8.2,1,1,5,5,5,0.0,0.161;0.077;0.249;0.111;0.082,0.077,0.136,0.249,0.063,0.111,0.231,0.245
2026-04-06T11:44:35.180,1775447075180,87,exp_static_run1,238.256,3.323,h2_to_h1,clab-srte8-h2,192.168.1.2,1,1,5,5,5,0.0,0.112;0.102;0.085;0.079;0.115,0.079,0.098,0.115,0.014,0.102,0.114,0.115
2026-04-06T11:44:38.300,1775447078300,88,exp_static_run1,241.376,3.12,h1_to_h2,clab-srte8-h1,192.168.8.2,1,1,5,5,5,0.0,0.076;0.391;0.125;0.120;0.492,0.076,0.24,0.492,0.167,0.125,0.472,0.488
2026-04-06T11:44:38.300,1775447078300,88,exp_static_run1,241.376,3.12,h2_to_h1,clab-srte8-h2,192.168.1.2,1,1,5,5,5,0.0,0.100;0.166;0.069;0.065;0.265,0.065,0.133,0.265,0.075,0.1,0.245,0.261
2026-04-06T11:44:41.157,1775447081157,89,exp_static_run1,244.232,2.856,h1_to_h2,clab-srte8-h1,192.168.8.2,1,1,5,5,5,0.0,0.089;0.066;0.064;0.633;0.077,0.064,0.185,0.633,0.223,0.077,0.524,0.611
2026-04-06T11:44:41.157,1775447081157,89,exp_static_run1,244.232,2.856,h2_to_h1,clab-srte8-h2,192.168.1.2,1,1,5,5,5,0.0,0.118;0.123;0.207;0.049;0.083,0.049,0.116,0.207,0.052,0.118,0.19,0.204
2026-04-06T11:44:44.336,1775447084337,90,exp_static_run1,247.412,3.18,h1_to_h2,clab-srte8-h1,192.168.8.2,1,1,5,5,5,0.0,0.230;0.147;1.210;0.036;0.081,0.036,0.341,1.213,0.44,0.147,1.014,1.171
2026-04-06T11:44:44.336,1775447084337,90,exp_static_run1,247.412,3.18,h2_to_h1,clab-srte8-h2,192.168.1.2,1,1,5,5,5,0.0,0.050;0.062;0.165;0.038;0.061,0.038,0.075,0.165,0.045,0.061,0.144,0.161
2026-04-06T11:44:47.341,1775447087341,91,exp_static_run1,250.416,3.004,h1_to_h2,clab-srte8-h1,192.168.8.2,1,1,5,5,5,0.0,0.062;0.087;0.319;0.039;0.049,0.039,0.111,0.319,0.105,0.062,0.273,0.31
2026-04-06T11:44:47.341,1775447087341,91,exp_static_run1,250.416,3.004,h2_to_h1,clab-srte8-h2,192.168.1.2,1,1,5,5,5,0.0,0.073;0.041;0.071;0.246;0.099,0.041,0.106,0.246,0.072,0.073,0.217,0.24
2026-04-06T11:44:50.159,1775447090159,92,exp_static_run1,253.234,2.818,h1_to_h2,clab-srte8-h1,192.168.8.2,1,1,5,5,5,0.0,0.103;0.093;1.040;0.229;0.050,0.05,0.303,1.04,0.373,0.103,0.878,1.008
2026-04-06T11:44:50.159,1775447090159,92,exp_static_run1,253.234,2.818,h2_to_h1,clab-srte8-h2,192.168.1.2,1,1,5,5,5,0.0,0.072;0.388;0.224;0.037;0.101,0.037,0.164,0.388,0.128,0.101,0.355,0.381
2026-04-06T11:44:53.085,1775447093085,93,exp_static_run1,256.161,2.926,h1_to_h2,clab-srte8-h1,192.168.8.2,1,1,5,5,5,0.0,0.087;0.075;0.058;0.283;0.185,0.058,0.137,0.283,0.085,0.087,0.263,0.279
2026-04-06T11:44:53.085,1775447093085,93,exp_static_run1,256.161,2.926,h2_to_h1,clab-srte8-h2,192.168.1.2,1,1,5,5,5,0.0,0.501;0.042;0.105;0.056;0.219,0.042,0.184,0.501,0.17,0.105,0.445,0.49
2026-04-06T11:44:56.428,1775447096428,94,exp_static_run1,259.504,3.343,h1_to_h2,clab-srte8-h1,192.168.8.2,1,1,5,5,5,0.0,0.248;0.223;0.070;0.127;0.148,0.07,0.163,0.248,0.064,0.148,0.243,0.247
2026-04-06T11:44:56.428,1775447096428,94,exp_static_run1,259.504,3.343,h2_to_h1,clab-srte8-h2,192.168.1.2,1,1,5,5,5,0.0,0.133;0.038;0.268;0.155;0.142,0.038,0.147,0.268,0.073,0.142,0.245,0.263
2026-04-06T11:44:59.366,1775447099366,95,exp_static_run1,262.442,2.938,h1_to_h2,clab-srte8-h1,192.168.8.2,1,1,5,5,5,0.0,0.081;0.054;0.070;0.069;0.056,0.054,0.066,0.081,0.009,0.069,0.079,0.081
2026-04-06T11:44:59.366,1775447099366,95,exp_static_run1,262.442,2.938,h2_to_h1,clab-srte8-h2,192.168.1.2,1,1,5,5,5,0.0,0.150;0.038;0.152;0.074;0.057,0.038,0.094,0.152,0.047,0.074,0.152,0.152
2026-04-06T11:45:02.362,1775447102362,96,exp_static_run1,265.437,2.995,h1_to_h2,clab-srte8-h1,192.168.8.2,1,1,5,5,5,0.0,0.244;0.559;0.113;0.406;0.198,0.113,0.304,0.559,0.159,0.244,0.528,0.553
2026-04-06T11:45:02.362,1775447102362,96,exp_static_run1,265.437,2.995,h2_to_h1,clab-srte8-h2,192.168.1.2,1,1,5,5,5,0.0,0.125;0.101;0.636;0.139;0.801,0.101,0.36,0.801,0.297,0.139,0.768,0.794
2026-04-06T11:45:05.735,1775447105735,97,exp_static_run1,268.811,3.374,h1_to_h2,clab-srte8-h1,192.168.8.2,1,1,5,5,5,0.0,0.152;0.120;0.083;0.201;0.215,0.083,0.154,0.215,0.049,0.152,0.212,0.214
2026-04-06T11:45:05.735,1775447105735,97,exp_static_run1,268.811,3.374,h2_to_h1,clab-srte8-h2,192.168.1.2,1,1,5,5,5,0.0,0.233;0.094;0.417;0.047;0.071,0.047,0.172,0.417,0.138,0.094,0.38,0.41
2026-04-06T11:45:08.706,1775447108706,98,exp_static_run1,271.782,2.971,h1_to_h2,clab-srte8-h1,192.168.8.2,1,1,5,5,5,0.0,0.320;0.067;0.148;0.077;0.089,0.067,0.14,0.32,0.094,0.089,0.286,0.313
2026-04-06T11:45:08.706,1775447108706,98,exp_static_run1,271.782,2.971,h2_to_h1,clab-srte8-h2,192.168.1.2,1,1,5,5,5,0.0,0.091;0.079;0.069;0.095;0.070,0.069,0.08,0.095,0.01,0.079,0.094,0.095
2026-04-06T11:45:11.641,1775447111641,99,exp_static_run1,274.717,2.935,h1_to_h2,clab-srte8-h1,192.168.8.2,1,1,5,5,5,0.0,0.120;0.091;0.050;0.078;0.202,0.05,0.108,0.202,0.052,0.091,0.186,0.199
2026-04-06T11:45:11.641,1775447111641,99,exp_static_run1,274.717,2.935,h2_to_h1,clab-srte8-h2,192.168.1.2,1,1,5,5,5,0.0,0.137;0.333;0.647;0.618;0.082,0.082,0.363,0.647,0.235,0.333,0.641,0.646
2026-04-06T11:45:14.747,1775447114747,100,exp_static_run1,277.822,3.105,h1_to_h2,clab-srte8-h1,192.168.8.2,1,1,5,5,5,0.0,0.166;0.320;0.086;0.050;0.105,0.05,0.145,0.32,0.095,0.105,0.289,0.314
2026-04-06T11:45:14.747,1775447114747,100,exp_static_run1,277.822,3.105,h2_to_h1,clab-srte8-h2,192.168.1.2,1,1,5,5,5,0.0,0.183;0.293;0.043;0.063;0.055,0.043,0.127,0.293,0.096,0.063,0.271,0.289
2026-04-06T11:45:18.167,1775447118167,101,exp_static_run1,281.242,3.42,h1_to_h2,clab-srte8-h1,192.168.8.2,1,1,5,5,5,0.0,0.082;0.093;0.060;0.037;0.071,0.037,0.068,0.093,0.019,0.071,0.091,0.093
2026-04-06T11:45:18.167,1775447118167,101,exp_static_run1,281.242,3.42,h2_to_h1,clab-srte8-h2,192.168.1.2,1,1,5,5,5,0.0,0.097;0.066;0.152;0.045;0.058,0.045,0.083,0.152,0.038,0.066,0.141,0.15
2026-04-06T11:45:21.233,1775447121233,102,exp_static_run1,284.309,3.067,h1_to_h2,clab-srte8-h1,192.168.8.2,1,1,5,5,5,0.0,0.139;0.050;0.184;0.445;0.176,0.05,0.198,0.445,0.131,0.176,0.393,0.435
2026-04-06T11:45:21.233,1775447121233,102,exp_static_run1,284.309,3.067,h2_to_h1,clab-srte8-h2,192.168.1.2,1,1,5,5,5,0.0,0.075;0.524;0.426;0.407;0.504,0.075,0.387,0.524,0.162,0.426,0.52,0.523
2026-04-06T11:45:24.397,1775447124397,103,exp_static_run1,287.472,3.163,h1_to_h2,clab-srte8-h1,192.168.8.2,1,1,5,5,5,0.0,0.087;0.085;0.114;0.154;0.066,0.066,0.101,0.154,0.03,0.087,0.146,0.152
2026-04-06T11:45:24.397,1775447124397,103,exp_static_run1,287.472,3.163,h2_to_h1,clab-srte8-h2,192.168.1.2,1,1,5,5,5,0.0,0.124;0.037;0.039;0.371;0.036,0.036,0.121,0.371,0.129,0.039,0.322,0.361
2026-04-06T11:45:27.819,1775447127819,104,exp_static_run1,290.895,3.422,h1_to_h2,clab-srte8-h1,192.168.8.2,1,1,5,5,5,0.0,0.151;0.074;0.217;0.205;0.038,0.038,0.137,0.217,0.07,0.151,0.215,0.217
2026-04-06T11:45:27.819,1775447127819,104,exp_static_run1,290.895,3.422,h2_to_h1,clab-srte8-h2,192.168.1.2,1,1,5,5,5,0.0,0.154;0.034;0.068;0.078;0.036,0.034,0.074,0.154,0.043,0.068,0.139,0.151
2026-04-06T11:45:30.786,1775447130786,105,exp_static_run1,293.861,2.967,h1_to_h2,clab-srte8-h1,192.168.8.2,1,1,5,5,5,0.0,0.101;0.074;0.507;0.056;0.063,0.056,0.16,0.507,0.174,0.074,0.426,0.491
2026-04-06T11:45:30.786,1775447130786,105,exp_static_run1,293.861,2.967,h2_to_h1,clab-srte8-h2,192.168.1.2,1,1,5,5,5,0.0,0.053;0.094;0.410;0.167;0.550,0.053,0.254,0.55,0.192,0.167,0.522,0.544
2026-04-06T11:45:33.670,1775447133670,106,exp_static_run1,296.746,2.884,h1_to_h2,clab-srte8-h1,192.168.8.2,1,1,5,5,5,0.0,0.196;0.082;0.081;0.316;1.090,0.081,0.353,1.094,0.38,0.196,0.935,1.059
2026-04-06T11:45:33.670,1775447133670,106,exp_static_run1,296.746,2.884,h2_to_h1,clab-srte8-h2,192.168.1.2,1,1,5,5,5,0.0,0.148;0.087;0.069;0.366;0.950,0.069,0.324,0.95,0.33,0.148,0.833,0.927
2026-04-06T11:45:36.995,1775447136995,107,exp_static_run1,300.07,3.325,h1_to_h2,clab-srte8-h1,192.168.8.2,1,1,5,5,5,0.0,0.171;0.119;0.086;0.232;0.076,0.076,0.136,0.232,0.058,0.119,0.22,0.23
2026-04-06T11:45:36.995,1775447136995,107,exp_static_run1,300.07,3.325,h2_to_h1,clab-srte8-h2,192.168.1.2,1,1,5,5,5,0.0,0.087;0.323;0.065;0.069;0.067,0.065,0.122,0.323,0.1,0.069,0.276,0.314
2026-04-06T11:45:40.443,1775447140443,108,exp_static_run1,303.519,3.449,h1_to_h2,clab-srte8-h1,192.168.8.2,1,1,5,5,5,0.0,0.076;0.084;0.075;0.105;0.160,0.075,0.1,0.16,0.031,0.084,0.149,0.158
2026-04-06T11:45:40.443,1775447140443,108,exp_static_run1,303.519,3.449,h2_to_h1,clab-srte8-h2,192.168.1.2,1,1,5,5,5,0.0,0.186;0.077;0.095;0.063;0.448,0.063,0.173,0.448,0.143,0.095,0.396,0.438
2026-04-06T11:45:43.140,1775447143140,109,exp_static_run1,306.216,2.697,h1_to_h2,clab-srte8-h1,192.168.8.2,1,1,5,5,5,0.0,0.115;0.174;0.106;0.272;0.090,0.09,0.151,0.272,0.066,0.115,0.252,0.268
2026-04-06T11:45:43.140,1775447143140,109,exp_static_run1,306.216,2.697,h2_to_h1,clab-srte8-h2,192.168.1.2,1,1,5,5,5,0.0,0.234;0.076;0.605;0.235;0.376,0.076,0.305,0.605,0.177,0.235,0.559,0.596
2026-04-06T11:45:46.163,1775447146163,110,exp_static_run1,309.239,3.023,h1_to_h2,clab-srte8-h1,192.168.8.2,1,1,5,5,5,0.0,0.076;0.038;0.050;0.143;0.074,0.038,0.076,0.143,0.036,0.074,0.13,0.14
2026-04-06T11:45:46.163,1775447146163,110,exp_static_run1,309.239,3.023,h2_to_h1,clab-srte8-h2,192.168.1.2,1,1,5,5,5,0.0,0.073;0.038;0.091;0.036;0.041,0.036,0.055,0.091,0.022,0.041,0.087,0.09
2026-04-06T11:45:49.271,1775447149271,111,exp_static_run1,312.347,3.108,h1_to_h2,clab-srte8-h1,192.168.8.2,1,1,5,5,5,0.0,0.072;0.066;0.059;0.054;0.068,0.054,0.063,0.072,0.006,0.066,0.071,0.072
2026-04-06T11:45:49.271,1775447149271,111,exp_static_run1,312.347,3.108,h2_to_h1,clab-srte8-h2,192.168.1.2,1,1,5,5,5,0.0,0.167;0.125;0.037;0.077;0.085,0.037,0.098,0.167,0.044,0.085,0.159,0.165
2026-04-06T11:45:52.186,1775447152186,112,exp_static_run1,315.261,2.915,h1_to_h2,clab-srte8-h1,192.168.8.2,1,1,5,5,5,0.0,0.090;0.071;0.169;0.082;0.059,0.059,0.094,0.169,0.038,0.082,0.153,0.166
2026-04-06T11:45:52.186,1775447152186,112,exp_static_run1,315.261,2.915,h2_to_h1,clab-srte8-h2,192.168.1.2,1,1,5,5,5,0.0,0.071;0.038;0.077;0.068;0.071,0.038,0.065,0.077,0.013,0.071,0.076,0.077
2026-04-06T11:45:54.832,1775447154832,113,exp_static_run1,317.908,2.646,h1_to_h2,clab-srte8-h1,192.168.8.2,1,1,5,5,5,0.0,0.149;0.124;0.085;0.047;0.094,0.047,0.099,0.149,0.034,0.094,0.144,0.148
2026-04-06T11:45:54.832,1775447154832,113,exp_static_run1,317.908,2.646,h2_to_h1,clab-srte8-h2,192.168.1.2,1,1,5,5,5,0.0,0.063;0.105;0.074;0.057;0.051,0.051,0.07,0.105,0.019,0.063,0.099,0.104
2026-04-06T11:45:58.591,1775447158591,114,exp_static_run1,321.667,3.759,h1_to_h2,clab-srte8-h1,192.168.8.2,1,1,5,5,5,0.0,0.071;0.048;0.038;0.089;0.071,0.038,0.063,0.089,0.018,0.071,0.085,0.088
2026-04-06T11:45:58.591,1775447158591,114,exp_static_run1,321.667,3.759,h2_to_h1,clab-srte8-h2,192.168.1.2,1,1,5,5,5,0.0,0.058;0.034;0.039;0.068;0.229,0.034,0.085,0.229,0.072,0.058,0.197,0.223
2026-04-06T11:46:01.507,1775447161507,115,exp_static_run1,324.583,2.916,h1_to_h2,clab-srte8-h1,192.168.8.2,1,1,5,5,5,0.0,0.096;0.064;0.080;0.037;0.039,0.037,0.063,0.096,0.022,0.064,0.093,0.095
2026-04-06T11:46:01.507,1775447161507,115,exp_static_run1,324.583,2.916,h2_to_h1,clab-srte8-h2,192.168.1.2,1,1,5,5,5,0.0,0.068;0.102;0.038;0.074;0.066,0.038,0.069,0.102,0.02,0.068,0.096,0.101
2026-04-06T11:46:04.343,1775447164343,116,exp_static_run1,327.419,2.836,h1_to_h2,clab-srte8-h1,192.168.8.2,1,1,5,5,5,0.0,0.232;0.068;0.546;0.078;0.072,0.068,0.199,0.546,0.184,0.078,0.483,0.533
2026-04-06T11:46:04.343,1775447164343,116,exp_static_run1,327.419,2.836,h2_to_h1,clab-srte8-h2,192.168.1.2,1,1,5,5,5,0.0,0.087;0.057;0.117;0.088;0.083,0.057,0.086,0.117,0.019,0.087,0.111,0.116
2026-04-06T11:46:07.605,1775447167605,117,exp_static_run1,330.68,3.262,h1_to_h2,clab-srte8-h1,192.168.8.2,1,1,5,5,5,0.0,0.086;0.071;0.091;0.108;0.106,0.071,0.092,0.108,0.013,0.091,0.108,0.108
2026-04-06T11:46:07.605,1775447167605,117,exp_static_run1,330.68,3.262,h2_to_h1,clab-srte8-h2,192.168.1.2,1,1,5,5,5,0.0,0.103;0.089;0.123;0.067;0.097,0.067,0.095,0.123,0.018,0.097,0.119,0.122
2026-04-06T11:46:10.439,1775447170439,118,exp_static_run1,333.515,2.834,h1_to_h2,clab-srte8-h1,192.168.8.2,1,1,5,5,5,0.0,0.147;0.542;0.062;0.132;0.068,0.062,0.19,0.542,0.179,0.132,0.463,0.526
2026-04-06T11:46:10.439,1775447170439,118,exp_static_run1,333.515,2.834,h2_to_h1,clab-srte8-h2,192.168.1.2,1,1,5,5,5,0.0,0.072;0.143;0.106;0.424;0.572,0.072,0.263,0.572,0.198,0.143,0.542,0.566
2026-04-06T11:46:13.338,1775447173338,119,exp_static_run1,336.414,2.899,h1_to_h2,clab-srte8-h1,192.168.8.2,1,1,5,5,5,0.0,0.083;0.071;0.072;0.065;0.092,0.065,0.076,0.092,0.009,0.072,0.09,0.092
2026-04-06T11:46:13.338,1775447173338,119,exp_static_run1,336.414,2.899,h2_to_h1,clab-srte8-h2,192.168.1.2,1,1,5,5,5,0.0,0.101;0.044;0.080;0.039;0.088,0.039,0.07,0.101,0.024,0.08,0.098,0.1
2026-04-06T11:46:16.688,1775447176688,120,exp_static_run1,339.764,3.35,h1_to_h2,clab-srte8-h1,192.168.8.2,1,1,5,5,5,0.0,0.146;0.064;0.056;0.044;0.131,0.044,0.088,0.146,0.041,0.064,0.143,0.145
2026-04-06T11:46:16.688,1775447176688,120,exp_static_run1,339.764,3.35,h2_to_h1,clab-srte8-h2,192.168.1.2,1,1,5,5,5,0.0,0.049;0.039;0.351;0.077;0.229,0.039,0.149,0.351,0.122,0.077,0.327,0.346
2026-04-06T11:46:20.034,1775447180034,121,exp_static_run1,343.11,3.346,h1_to_h2,clab-srte8-h1,192.168.8.2,1,1,5,5,5,0.0,0.091;0.097;0.063;0.063;0.055,0.055,0.073,0.097,0.016,0.063,0.096,0.097
2026-04-06T11:46:20.034,1775447180034,121,exp_static_run1,343.11,3.346,h2_to_h1,clab-srte8-h2,192.168.1.2,1,1,5,5,5,0.0,0.210;0.089;0.106;0.056;0.067,0.056,0.105,0.21,0.055,0.089,0.189,0.206
2026-04-06T11:46:22.930,1775447182930,122,exp_static_run1,346.006,2.896,h1_to_h2,clab-srte8-h1,192.168.8.2,1,1,5,5,5,0.0,0.159;0.084;0.079;0.087;0.072,0.072,0.096,0.159,0.031,0.084,0.145,0.156
2026-04-06T11:46:22.930,1775447182930,122,exp_static_run1,346.006,2.896,h2_to_h1,clab-srte8-h2,192.168.1.2,1,1,5,5,5,0.0,0.132;0.039;0.039;0.051;0.074,0.039,0.067,0.132,0.034,0.051,0.12,0.13
2026-04-06T11:46:26.077,1775447186077,123,exp_static_run1,349.153,3.147,h1_to_h2,clab-srte8-h1,192.168.8.2,1,1,5,5,5,0.0,0.325;0.393;0.162;0.042;0.060,0.042,0.196,0.393,0.14,0.162,0.379,0.39
2026-04-06T11:46:26.077,1775447186077,123,exp_static_run1,349.153,3.147,h2_to_h1,clab-srte8-h2,192.168.1.2,1,1,5,5,5,0.0,0.095;0.115;0.059;0.627;0.060,0.059,0.191,0.627,0.218,0.095,0.525,0.607
2026-04-06T11:46:29.487,1775447189487,124,exp_static_run1,352.563,3.41,h1_to_h2,clab-srte8-h1,192.168.8.2,1,1,5,5,5,0.0,0.248;0.039;0.107;0.039;0.076,0.039,0.101,0.248,0.077,0.076,0.22,0.242
2026-04-06T11:46:29.487,1775447189487,124,exp_static_run1,352.563,3.41,h2_to_h1,clab-srte8-h2,192.168.1.2,1,1,5,5,5,0.0,0.064;0.056;0.045;0.078;0.159,0.045,0.08,0.159,0.04,0.064,0.143,0.156
2026-04-06T11:46:32.383,1775447192383,125,exp_static_run1,355.459,2.896,h1_to_h2,clab-srte8-h1,192.168.8.2,1,1,5,5,5,0.0,0.192;0.093;0.167;0.071;0.066,0.066,0.117,0.192,0.051,0.093,0.187,0.191
2026-04-06T11:46:32.383,1775447192383,125,exp_static_run1,355.459,2.896,h2_to_h1,clab-srte8-h2,192.168.1.2,1,1,5,5,5,0.0,0.415;0.049;0.157;0.088;0.101,0.049,0.162,0.415,0.131,0.101,0.363,0.405
2026-04-06T11:46:35.449,1775447195449,126,exp_static_run1,358.524,3.066,h1_to_h2,clab-srte8-h1,192.168.8.2,1,1,5,5,5,0.0,0.098;0.107;0.130;0.281;0.321,0.098,0.187,0.321,0.094,0.13,0.313,0.319
2026-04-06T11:46:35.449,1775447195449,126,exp_static_run1,358.524,3.066,h2_to_h1,clab-srte8-h2,192.168.1.2,1,1,5,5,5,0.0,0.085;0.111;0.084;0.069;0.131,0.069,0.096,0.131,0.022,0.085,0.127,0.13
2026-04-06T11:46:38.534,1775447198534,127,exp_static_run1,361.609,3.085,h1_to_h2,clab-srte8-h1,192.168.8.2,1,1,5,5,5,0.0,0.094;0.068;0.105;0.086;0.100,0.068,0.09,0.105,0.012,0.094,0.104,0.105
2026-04-06T11:46:38.534,1775447198534,127,exp_static_run1,361.609,3.085,h2_to_h1,clab-srte8-h2,192.168.1.2,1,1,5,5,5,0.0,0.185;0.402;0.104;0.084;0.066,0.066,0.168,0.402,0.123,0.104,0.359,0.393
2026-04-06T11:46:41.351,1775447201351,128,exp_static_run1,364.426,2.817,h1_to_h2,clab-srte8-h1,192.168.8.2,1,1,5,5,5,0.0,0.110;0.323;0.116;0.061;0.066,0.061,0.135,0.323,0.096,0.11,0.282,0.315
2026-04-06T11:46:41.351,1775447201351,128,exp_static_run1,364.426,2.817,h2_to_h1,clab-srte8-h2,192.168.1.2,1,1,5,5,5,0.0,1.720;0.067;0.067;0.181;0.123,0.067,0.431,1.721,0.645,0.123,1.412,1.658
2026-04-06T11:46:44.133,1775447204133,129,exp_static_run1,367.209,2.782,h1_to_h2,clab-srte8-h1,192.168.8.2,1,1,5,5,5,0.0,0.491;0.203;0.149;0.085;0.284,0.085,0.242,0.491,0.14,0.203,0.45,0.483
2026-04-06T11:46:44.133,1775447204133,129,exp_static_run1,367.209,2.782,h2_to_h1,clab-srte8-h2,192.168.1.2,1,1,5,5,5,0.0,0.155;0.341;0.041;0.087;0.047,0.041,0.134,0.341,0.111,0.087,0.304,0.334
2026-04-06T11:46:47.296,1775447207296,130,exp_static_run1,370.372,3.163,h1_to_h2,clab-srte8-h1,192.168.8.2,1,1,5,5,5,0.0,0.072;0.039;0.091;0.047;0.227,0.039,0.095,0.227,0.068,0.072,0.2,0.222
2026-04-06T11:46:47.296,1775447207296,130,exp_static_run1,370.372,3.163,h2_to_h1,clab-srte8-h2,192.168.1.2,1,1,5,5,5,0.0,0.099;0.107;0.072;0.092;0.105,0.072,0.095,0.107,0.012,0.099,0.107,0.107
2026-04-06T11:46:50.377,1775447210377,131,exp_static_run1,373.452,3.081,h1_to_h2,clab-srte8-h1,192.168.8.2,1,1,5,5,5,0.0,0.147;0.123;0.039;0.142;0.042,0.039,0.098,0.147,0.048,0.123,0.146,0.147
2026-04-06T11:46:50.377,1775447210377,131,exp_static_run1,373.452,3.081,h2_to_h1,clab-srte8-h2,192.168.1.2,1,1,5,5,5,0.0,0.114;0.080;0.036;0.442;0.047,0.036,0.143,0.442,0.151,0.08,0.376,0.429
2026-04-06T11:46:53.274,1775447213274,132,exp_static_run1,376.349,2.897,h1_to_h2,clab-srte8-h1,192.168.8.2,1,1,5,5,5,0.0,0.064;0.349;0.079;0.049;0.061,0.049,0.12,0.349,0.114,0.064,0.295,0.338
2026-04-06T11:46:53.274,1775447213274,132,exp_static_run1,376.349,2.897,h2_to_h1,clab-srte8-h2,192.168.1.2,1,1,5,5,5,0.0,0.079;0.042;0.089;0.049;0.091,0.042,0.07,0.091,0.02,0.079,0.091,0.091
2026-04-06T11:46:56.576,1775447216576,133,exp_static_run1,379.652,3.302,h1_to_h2,clab-srte8-h1,192.168.8.2,1,1,5,5,5,0.0,0.118;0.060;0.066;0.060;0.043,0.043,0.069,0.118,0.025,0.06,0.108,0.116
2026-04-06T11:46:56.576,1775447216576,133,exp_static_run1,379.652,3.302,h2_to_h1,clab-srte8-h2,192.168.1.2,1,1,5,5,5,0.0,0.102;0.121;0.072;0.106;0.343,0.072,0.148,0.343,0.098,0.106,0.299,0.334
2026-04-06T11:46:59.880,1775447219880,134,exp_static_run1,382.955,3.304,h1_to_h2,clab-srte8-h1,192.168.8.2,1,1,5,5,5,0.0,0.216;0.040;0.092;0.038;0.042,0.038,0.085,0.216,0.068,0.042,0.191,0.211
2026-04-06T11:46:59.880,1775447219880,134,exp_static_run1,382.955,3.304,h2_to_h1,clab-srte8-h2,192.168.1.2,1,1,5,5,5,0.0,0.048;0.045;0.048;0.089;0.094,0.045,0.064,0.094,0.021,0.048,0.093,0.094
2026-04-06T11:47:02.784,1775447222784,135,exp_static_run1,385.859,2.904,h1_to_h2,clab-srte8-h1,192.168.8.2,1,1,5,5,5,0.0,0.099;0.078;0.402;0.090;0.874,0.078,0.308,0.874,0.307,0.099,0.78,0.855
2026-04-06T11:47:02.784,1775447222784,135,exp_static_run1,385.859,2.904,h2_to_h1,clab-srte8-h2,192.168.1.2,1,1,5,5,5,0.0,0.162;0.126;0.321;0.106;0.286,0.106,0.2,0.321,0.086,0.162,0.314,0.32
2026-04-06T11:47:05.680,1775447225680,136,exp_static_run1,388.755,2.896,h1_to_h2,clab-srte8-h1,192.168.8.2,1,1,5,5,5,0.0,0.109;0.047;0.117;0.075;0.327,0.047,0.135,0.327,0.099,0.109,0.285,0.319
2026-04-06T11:47:05.680,1775447225680,136,exp_static_run1,388.755,2.896,h2_to_h1,clab-srte8-h2,192.168.1.2,1,1,5,5,5,0.0,0.242;0.345;0.363;0.106;0.509,0.106,0.313,0.509,0.134,0.345,0.48,0.503
2026-04-06T11:47:08.850,1775447228850,137,exp_static_run1,391.925,3.17,h1_to_h2,clab-srte8-h1,192.168.8.2,1,1,5,5,5,0.0,0.100;0.113;0.070;0.057;0.372,0.057,0.142,0.372,0.116,0.1,0.32,0.362
2026-04-06T11:47:08.850,1775447228850,137,exp_static_run1,391.925,3.17,h2_to_h1,clab-srte8-h2,192.168.1.2,1,1,5,5,5,0.0,0.099;0.071;0.128;0.082;0.140,0.071,0.104,0.14,0.026,0.099,0.138,0.14
2026-04-06T11:47:11.726,1775447231726,138,exp_static_run1,394.802,2.877,h1_to_h2,clab-srte8-h1,192.168.8.2,1,1,5,5,5,0.0,0.113;0.093;0.191;0.334;0.121,0.093,0.17,0.334,0.088,0.121,0.305,0.328
2026-04-06T11:47:11.726,1775447231726,138,exp_static_run1,394.802,2.877,h2_to_h1,clab-srte8-h2,192.168.1.2,1,1,5,5,5,0.0,0.191;0.082;0.209;0.459;0.539,0.082,0.296,0.539,0.173,0.209,0.523,0.536
2026-04-06T11:47:14.558,1775447234558,139,exp_static_run1,397.634,2.832,h1_to_h2,clab-srte8-h1,192.168.8.2,1,1,5,5,5,0.0,0.097;0.076;0.070;0.150;0.187,0.07,0.116,0.187,0.045,0.097,0.18,0.186
2026-04-06T11:47:14.558,1775447234558,139,exp_static_run1,397.634,2.832,h2_to_h1,clab-srte8-h2,192.168.1.2,1,1,5,5,5,0.0,0.137;0.228;0.243;0.145;0.083,0.083,0.167,0.243,0.059,0.145,0.24,0.242
2026-04-06T11:47:17.755,1775447237755,140,exp_static_run1,400.831,3.197,h1_to_h2,clab-srte8-h1,192.168.8.2,1,1,5,5,5,0.0,0.087;0.044;0.041;0.040;0.210,0.04,0.084,0.21,0.065,0.044,0.185,0.205
2026-04-06T11:47:17.755,1775447237755,140,exp_static_run1,400.831,3.197,h2_to_h1,clab-srte8-h2,192.168.1.2,1,1,5,5,5,0.0,0.055;0.109;0.200;0.080;0.068,0.055,0.102,0.2,0.051,0.08,0.182,0.196
2026-04-06T11:47:21.066,1775447241066,141,exp_static_run1,404.141,3.311,h1_to_h2,clab-srte8-h1,192.168.8.2,1,1,5,5,5,0.0,0.120;0.050;0.107;0.054;0.224,0.05,0.111,0.224,0.062,0.107,0.203,0.22
2026-04-06T11:47:21.066,1775447241066,141,exp_static_run1,404.141,3.311,h2_to_h1,clab-srte8-h2,192.168.1.2,1,1,5,5,5,0.0,0.059;0.054;0.070;0.078;0.137,0.054,0.079,0.137,0.029,0.07,0.125,0.135
2026-04-06T11:47:24.139,1775447244139,142,exp_static_run1,407.214,3.073,h1_to_h2,clab-srte8-h1,192.168.8.2,1,1,5,5,5,0.0,0.063;0.089;0.048;0.117;0.524,0.048,0.168,0.524,0.179,0.089,0.443,0.508
2026-04-06T11:47:24.139,1775447244139,142,exp_static_run1,407.214,3.073,h2_to_h1,clab-srte8-h2,192.168.1.2,1,1,5,5,5,0.0,0.127;0.056;0.274;0.501;0.546,0.056,0.3,0.546,0.195,0.274,0.537,0.544
2026-04-06T11:47:27.563,1775447247563,143,exp_static_run1,410.639,3.425,h1_to_h2,clab-srte8-h1,192.168.8.2,1,1,5,5,5,0.0,0.140;0.056;0.061;0.092;0.193,0.056,0.108,0.193,0.051,0.092,0.182,0.191
2026-04-06T11:47:27.563,1775447247563,143,exp_static_run1,410.639,3.425,h2_to_h1,clab-srte8-h2,192.168.1.2,1,1,5,5,5,0.0,0.270;0.111;0.136;0.069;0.106,0.069,0.138,0.27,0.069,0.111,0.243,0.265
2026-04-06T11:47:31.140,1775447251140,144,exp_static_run1,414.216,3.577,h1_to_h2,clab-srte8-h1,192.168.8.2,1,1,5,5,5,0.0,0.075;0.046;0.066;0.043;0.048,0.043,0.055,0.075,0.012,0.048,0.073,0.075
2026-04-06T11:47:31.140,1775447251140,144,exp_static_run1,414.216,3.577,h2_to_h1,clab-srte8-h2,192.168.1.2,1,1,5,5,5,0.0,0.070;0.071;0.080;0.069;0.124,0.069,0.082,0.124,0.02,0.071,0.115,0.122
2026-04-06T11:47:34.055,1775447254055,145,exp_static_run1,417.131,2.915,h1_to_h2,clab-srte8-h1,192.168.8.2,1,1,5,5,5,0.0,0.115;0.338;0.068;0.084;0.082,0.068,0.137,0.338,0.101,0.084,0.293,0.329
2026-04-06T11:47:34.055,1775447254055,145,exp_static_run1,417.131,2.915,h2_to_h1,clab-srte8-h2,192.168.1.2,1,1,5,5,5,0.0,0.092;0.416;0.630;0.070;0.070,0.07,0.255,0.63,0.228,0.092,0.587,0.621
2026-04-06T11:47:37.065,1775447257066,146,exp_static_run1,420.141,3.01,h1_to_h2,clab-srte8-h1,192.168.8.2,1,1,5,5,5,0.0,0.111;0.135;0.096;0.045;0.069,0.045,0.091,0.135,0.031,0.096,0.13,0.134
2026-04-06T11:47:37.065,1775447257066,146,exp_static_run1,420.141,3.01,h2_to_h1,clab-srte8-h2,192.168.1.2,1,1,5,5,5,0.0,0.198;0.083;0.126;0.092;0.072,0.072,0.114,0.198,0.045,0.092,0.184,0.195
2026-04-06T11:47:40.139,1775447260139,147,exp_static_run1,423.215,3.074,h1_to_h2,clab-srte8-h1,192.168.8.2,1,1,5,5,5,0.0,0.073;0.078;0.107;0.070;0.059,0.059,0.077,0.107,0.016,0.073,0.101,0.106
2026-04-06T11:47:40.139,1775447260139,147,exp_static_run1,423.215,3.074,h2_to_h1,clab-srte8-h2,192.168.1.2,1,1,5,5,5,0.0,0.081;0.072;0.107;0.062;0.180,0.062,0.1,0.18,0.042,0.081,0.165,0.177
2026-04-06T11:47:43.034,1775447263034,148,exp_static_run1,426.11,2.895,h1_to_h2,clab-srte8-h1,192.168.8.2,1,1,5,5,5,0.0,0.307;0.219;0.430;0.494;0.193,0.193,0.328,0.494,0.117,0.307,0.481,0.491
2026-04-06T11:47:43.034,1775447263034,148,exp_static_run1,426.11,2.895,h2_to_h1,clab-srte8-h2,192.168.1.2,1,1,5,5,5,0.0,0.106;0.240;0.081;0.291;0.069,0.069,0.157,0.291,0.09,0.106,0.281,0.289
2026-04-06T11:47:47.005,1775447267005,149,exp_static_run1,430.08,3.971,h1_to_h2,clab-srte8-h1,192.168.8.2,1,1,5,5,5,0.0,0.109;0.091;0.082;0.038;0.272,0.038,0.118,0.272,0.08,0.091,0.239,0.265
2026-04-06T11:47:47.005,1775447267005,149,exp_static_run1,430.08,3.971,h2_to_h1,clab-srte8-h2,192.168.1.2,1,1,5,5,5,0.0,0.337;0.209;0.045;0.056;0.050,0.045,0.139,0.337,0.116,0.056,0.311,0.332
2026-04-06T11:47:50.292,1775447270292,150,exp_static_run1,433.368,3.288,h1_to_h2,clab-srte8-h1,192.168.8.2,1,1,5,5,5,0.0,0.207;0.521;0.046;0.312;0.685,0.046,0.354,0.685,0.226,0.312,0.652,0.678
2026-04-06T11:47:50.292,1775447270292,150,exp_static_run1,433.368,3.288,h2_to_h1,clab-srte8-h2,192.168.1.2,1,1,5,5,5,0.0,0.106;0.121;0.067;0.111;0.098,0.067,0.1,0.121,0.018,0.106,0.119,0.121
2026-04-06T11:47:54.108,1775447274108,151,exp_static_run1,437.183,3.815,h1_to_h2,clab-srte8-h1,192.168.8.2,1,1,5,5,5,0.0,0.060;0.070;0.088;0.225;0.068,0.06,0.102,0.225,0.062,0.07,0.198,0.22
2026-04-06T11:47:54.108,1775447274108,151,exp_static_run1,437.183,3.815,h2_to_h1,clab-srte8-h2,192.168.1.2,1,1,5,5,5,0.0,0.370;0.041;0.039;0.065;0.168,0.039,0.136,0.37,0.125,0.065,0.33,0.362
2026-04-06T11:47:58.171,1775447278171,152,exp_static_run1,441.246,4.063,h1_to_h2,clab-srte8-h1,192.168.8.2,1,1,5,5,5,0.0,0.224;0.056;0.039;0.186;0.071,0.039,0.115,0.224,0.074,0.071,0.216,0.222
2026-04-06T11:47:58.171,1775447278171,152,exp_static_run1,441.246,4.063,h2_to_h1,clab-srte8-h2,192.168.1.2,1,1,5,5,5,0.0,0.072;0.124;0.161;0.127;0.115,0.072,0.119,0.161,0.028,0.124,0.154,0.16
2026-04-06T11:48:01.148,1775447281148,153,exp_static_run1,444.223,2.977,h1_to_h2,clab-srte8-h1,192.168.8.2,1,1,5,5,5,0.0,0.069;0.083;0.070;0.083;0.195,0.069,0.1,0.195,0.047,0.083,0.173,0.191
2026-04-06T11:48:01.148,1775447281148,153,exp_static_run1,444.223,2.977,h2_to_h1,clab-srte8-h2,192.168.1.2,1,1,5,5,5,0.0,0.080;0.037;0.071;0.106;0.137,0.037,0.086,0.137,0.033,0.08,0.131,0.136
2026-04-06T11:48:04.117,1775447284117,154,exp_static_run1,447.192,2.969,h1_to_h2,clab-srte8-h1,192.168.8.2,1,1,5,5,5,0.0,0.094;0.079;0.068;0.098;0.108,0.068,0.089,0.108,0.014,0.094,0.106,0.108
2026-04-06T11:48:04.117,1775447284117,154,exp_static_run1,447.192,2.969,h2_to_h1,clab-srte8-h2,192.168.1.2,1,1,5,5,5,0.0,0.259;0.456;0.094;0.436;0.086,0.086,0.266,0.456,0.159,0.259,0.452,0.455
2026-04-06T11:48:07.142,1775447287142,155,exp_static_run1,450.218,3.025,h1_to_h2,clab-srte8-h1,192.168.8.2,1,1,5,5,5,0.0,0.142;0.100;0.139;0.644;0.069,0.069,0.218,0.644,0.214,0.139,0.544,0.624
2026-04-06T11:48:07.142,1775447287142,155,exp_static_run1,450.218,3.025,h2_to_h1,clab-srte8-h2,192.168.1.2,1,1,5,5,5,0.0,0.094;0.626;0.073;0.067;0.066,0.066,0.185,0.626,0.22,0.073,0.52,0.605
2026-04-06T11:48:10.093,1775447290093,156,exp_static_run1,453.169,2.951,h1_to_h2,clab-srte8-h1,192.168.8.2,1,1,5,5,5,0.0,0.115;0.090;0.286;0.071;0.072,0.071,0.126,0.286,0.081,0.09,0.252,0.279
2026-04-06T11:48:10.093,1775447290093,156,exp_static_run1,453.169,2.951,h2_to_h1,clab-srte8-h2,192.168.1.2,1,1,5,5,5,0.0,0.157;0.098;0.086;0.069;0.076,0.069,0.097,0.157,0.031,0.086,0.145,0.155
2026-04-06T11:48:12.924,1775447292924,157,exp_static_run1,455.999,2.83,h1_to_h2,clab-srte8-h1,192.168.8.2,1,1,5,5,5,0.0,0.140;0.076;0.358;0.072;0.087,0.072,0.146,0.358,0.108,0.087,0.314,0.349
2026-04-06T11:48:12.924,1775447292924,157,exp_static_run1,455.999,2.83,h2_to_h1,clab-srte8-h2,192.168.1.2,1,1,5,5,5,0.0,0.853;0.297;0.036;0.102;0.889,0.036,0.435,0.889,0.366,0.297,0.882,0.888
2026-04-06T11:48:16.043,1775447296043,158,exp_static_run1,459.119,3.119,h1_to_h2,clab-srte8-h1,192.168.8.2,1,1,5,5,5,0.0,0.054;0.073;0.088;0.079;0.107,0.054,0.08,0.107,0.017,0.079,0.103,0.106
2026-04-06T11:48:16.043,1775447296043,158,exp_static_run1,459.119,3.119,h2_to_h1,clab-srte8-h2,192.168.1.2,1,1,5,5,5,0.0,0.073;0.140;0.130;0.122;0.068,0.068,0.106,0.14,0.03,0.122,0.138,0.14
2026-04-06T11:48:19.331,1775447299331,159,exp_static_run1,462.406,3.288,h1_to_h2,clab-srte8-h1,192.168.8.2,1,1,5,5,5,0.0,0.088;0.188;0.088;0.433;0.070,0.07,0.173,0.433,0.136,0.088,0.384,0.423
2026-04-06T11:48:19.331,1775447299331,159,exp_static_run1,462.406,3.288,h2_to_h1,clab-srte8-h2,192.168.1.2,1,1,5,5,5,0.0,0.101;0.092;0.035;0.036;0.104,0.035,0.073,0.104,0.031,0.092,0.103,0.104
2026-04-06T11:48:22.318,1775447302318,160,exp_static_run1,465.393,2.987,h1_to_h2,clab-srte8-h1,192.168.8.2,1,1,5,5,5,0.0,0.145;0.518;0.158;0.054;0.660,0.054,0.307,0.66,0.237,0.158,0.632,0.654
2026-04-06T11:48:22.318,1775447302318,160,exp_static_run1,465.393,2.987,h2_to_h1,clab-srte8-h2,192.168.1.2,1,1,5,5,5,0.0,0.106;0.097;0.072;0.665;0.487,0.072,0.285,0.665,0.244,0.106,0.629,0.658
2026-04-06T11:48:25.722,1775447305722,161,exp_static_run1,468.797,3.404,h1_to_h2,clab-srte8-h1,192.168.8.2,1,1,5,5,5,0.0,0.082;0.099;0.276;0.104;0.126,0.082,0.137,0.276,0.07,0.104,0.246,0.27
2026-04-06T11:48:25.722,1775447305722,161,exp_static_run1,468.797,3.404,h2_to_h1,clab-srte8-h2,192.168.1.2,1,1,5,5,5,0.0,0.086;0.056;0.047;0.044;0.104,0.044,0.067,0.104,0.023,0.056,0.1,0.103
2026-04-06T11:48:29.479,1775447309479,162,exp_static_run1,472.554,3.757,h1_to_h2,clab-srte8-h1,192.168.8.2,1,1,5,5,5,0.0,0.161;0.124;0.170;0.083;0.047,0.047,0.117,0.17,0.046,0.124,0.168,0.17
2026-04-06T11:48:29.479,1775447309479,162,exp_static_run1,472.554,3.757,h2_to_h1,clab-srte8-h2,192.168.1.2,1,1,5,5,5,0.0,0.044;0.040;0.070;0.070;0.108,0.04,0.066,0.108,0.024,0.07,0.1,0.106
2026-04-06T11:48:32.438,1775447312438,163,exp_static_run1,475.514,2.96,h1_to_h2,clab-srte8-h1,192.168.8.2,1,1,5,5,5,0.0,0.057;0.071;0.093;0.122;0.144,0.057,0.097,0.144,0.032,0.093,0.14,0.143
2026-04-06T11:48:32.438,1775447312438,163,exp_static_run1,475.514,2.96,h2_to_h1,clab-srte8-h2,192.168.1.2,1,1,5,5,5,0.0,0.098;0.066;0.066;1.350;0.587,0.066,0.433,1.352,0.499,0.098,1.197,1.319
2026-04-06T11:48:35.255,1775447315255,164,exp_static_run1,478.33,2.816,h1_to_h2,clab-srte8-h1,192.168.8.2,1,1,5,5,5,0.0,0.131;0.075;0.082;0.133;0.073,0.073,0.098,0.133,0.027,0.082,0.133,0.133
2026-04-06T11:48:35.255,1775447315255,164,exp_static_run1,478.33,2.816,h2_to_h1,clab-srte8-h2,192.168.1.2,1,1,5,5,5,0.0,0.274;0.106;0.279;0.068;0.189,0.068,0.183,0.279,0.085,0.189,0.278,0.279
2026-04-06T11:48:38.277,1775447318278,165,exp_static_run1,481.353,3.023,h1_to_h2,clab-srte8-h1,192.168.8.2,1,1,5,5,5,0.0,0.156;0.077;0.071;0.090;0.544,0.071,0.187,0.544,0.18,0.09,0.466,0.528
2026-04-06T11:48:38.277,1775447318278,165,exp_static_run1,481.353,3.023,h2_to_h1,clab-srte8-h2,192.168.1.2,1,1,5,5,5,0.0,0.134;0.058;0.100;0.069;0.071,0.058,0.086,0.134,0.027,0.071,0.127,0.133
2026-04-06T11:48:41.220,1775447321220,166,exp_static_run1,484.296,2.943,h1_to_h2,clab-srte8-h1,192.168.8.2,1,1,5,5,5,0.0,0.236;0.074;0.062;0.147;0.072,0.062,0.118,0.236,0.066,0.074,0.218,0.232
2026-04-06T11:48:41.220,1775447321220,166,exp_static_run1,484.296,2.943,h2_to_h1,clab-srte8-h2,192.168.1.2,1,1,5,5,5,0.0,0.181;0.076;0.098;0.456;0.409,0.076,0.244,0.456,0.158,0.181,0.447,0.454
2026-04-06T11:48:44.050,1775447324050,167,exp_static_run1,487.126,2.83,h1_to_h2,clab-srte8-h1,192.168.8.2,1,1,5,5,5,0.0,0.108;0.125;0.121;0.191;0.076,0.076,0.124,0.191,0.037,0.121,0.178,0.188
2026-04-06T11:48:44.050,1775447324050,167,exp_static_run1,487.126,2.83,h2_to_h1,clab-srte8-h2,192.168.1.2,1,1,5,5,5,0.0,0.073;0.035;0.171;0.298;0.058,0.035,0.127,0.298,0.097,0.073,0.273,0.293
2026-04-06T11:48:47.335,1775447327335,168,exp_static_run1,490.411,3.285,h1_to_h2,clab-srte8-h1,192.168.8.2,1,1,5,5,5,0.0,0.059;0.061;0.371;0.117;0.265,0.059,0.174,0.371,0.123,0.117,0.35,0.367
2026-04-06T11:48:47.335,1775447327335,168,exp_static_run1,490.411,3.285,h2_to_h1,clab-srte8-h2,192.168.1.2,1,1,5,5,5,0.0,0.058;0.093;0.068;0.048;0.117,0.048,0.076,0.117,0.025,0.068,0.112,0.116
2026-04-06T11:48:50.701,1775447330701,169,exp_static_run1,493.776,3.366,h1_to_h2,clab-srte8-h1,192.168.8.2,1,1,5,5,5,0.0,0.099;0.206;0.105;0.078;0.122,0.078,0.122,0.206,0.044,0.105,0.189,0.203
2026-04-06T11:48:50.701,1775447330701,169,exp_static_run1,493.776,3.366,h2_to_h1,clab-srte8-h2,192.168.1.2,1,1,5,5,5,0.0,0.272;0.043;0.119;0.052;0.074,0.043,0.112,0.272,0.084,0.074,0.241,0.266
2026-04-06T11:48:53.502,1775447333502,170,exp_static_run1,496.578,2.801,h1_to_h2,clab-srte8-h1,192.168.8.2,1,1,5,5,5,0.0,0.069;0.072;0.166;0.072;0.068,0.068,0.089,0.166,0.038,0.072,0.147,0.162
2026-04-06T11:48:53.502,1775447333502,170,exp_static_run1,496.578,2.801,h2_to_h1,clab-srte8-h2,192.168.1.2,1,1,5,5,5,0.0,0.141;0.071;0.095;0.073;0.067,0.067,0.089,0.141,0.027,0.073,0.132,0.139
2026-04-06T11:48:56.499,1775447336499,171,exp_static_run1,499.574,2.997,h1_to_h2,clab-srte8-h1,192.168.8.2,1,1,5,5,5,0.0,0.069;0.138;0.070;0.214;0.142,0.069,0.126,0.214,0.053,0.138,0.2,0.211
2026-04-06T11:48:56.499,1775447336499,171,exp_static_run1,499.574,2.997,h2_to_h1,clab-srte8-h2,192.168.1.2,1,1,5,5,5,0.0,0.153;0.043;0.059;0.083;0.052,0.043,0.078,0.153,0.039,0.059,0.139,0.15
2026-04-06T11:48:59.742,1775447339742,172,exp_static_run1,502.817,3.243,h1_to_h2,clab-srte8-h1,192.168.8.2,1,1,5,5,5,0.0,0.072;0.212;0.413;0.040;0.050,0.04,0.157,0.413,0.142,0.072,0.373,0.405
2026-04-06T11:48:59.742,1775447339742,172,exp_static_run1,502.817,3.243,h2_to_h1,clab-srte8-h2,192.168.1.2,1,1,5,5,5,0.0,0.058;0.052;0.063;0.035;0.071,0.035,0.055,0.071,0.012,0.058,0.069,0.071
2026-04-06T11:49:02.638,1775447342638,173,exp_static_run1,505.714,2.896,h1_to_h2,clab-srte8-h1,192.168.8.2,1,1,5,5,5,0.0,0.147;0.153;0.135;0.084;0.087,0.084,0.121,0.153,0.029,0.135,0.152,0.153
2026-04-06T11:49:02.638,1775447342638,173,exp_static_run1,505.714,2.896,h2_to_h1,clab-srte8-h2,192.168.1.2,1,1,5,5,5,0.0,0.195;0.248;0.071;0.627;0.098,0.071,0.247,0.627,0.2,0.195,0.551,0.612
2026-04-06T11:49:05.519,1775447345519,174,exp_static_run1,508.595,2.881,h1_to_h2,clab-srte8-h1,192.168.8.2,1,1,5,5,5,0.0,0.125;0.343;0.083;0.071;0.227,0.071,0.169,0.343,0.102,0.125,0.32,0.338
2026-04-06T11:49:05.519,1775447345519,174,exp_static_run1,508.595,2.881,h2_to_h1,clab-srte8-h2,192.168.1.2,1,1,5,5,5,0.0,0.083;0.054;0.161;0.065;0.166,0.054,0.105,0.166,0.048,0.083,0.165,0.166
2026-04-06T11:49:08.732,1775447348732,175,exp_static_run1,511.807,3.213,h1_to_h2,clab-srte8-h1,192.168.8.2,1,1,5,5,5,0.0,0.080;0.072;0.069;0.357;0.075,0.069,0.13,0.357,0.113,0.075,0.302,0.346
2026-04-06T11:49:08.732,1775447348732,175,exp_static_run1,511.807,3.213,h2_to_h1,clab-srte8-h2,192.168.1.2,1,1,5,5,5,0.0,0.076;0.096;0.426;0.074;0.098,0.074,0.154,0.426,0.136,0.096,0.36,0.413
2026-04-06T11:49:11.802,1775447351802,176,exp_static_run1,514.877,3.07,h1_to_h2,clab-srte8-h1,192.168.8.2,1,1,5,5,5,0.0,0.110;0.090;0.120;0.090;0.068,0.068,0.095,0.12,0.018,0.09,0.118,0.12
2026-04-06T11:49:11.802,1775447351802,176,exp_static_run1,514.877,3.07,h2_to_h1,clab-srte8-h2,192.168.1.2,1,1,5,5,5,0.0,0.415;0.234;0.061;0.119;0.069,0.061,0.179,0.415,0.132,0.119,0.379,0.408
2026-04-06T11:49:14.626,1775447354626,177,exp_static_run1,517.701,2.824,h1_to_h2,clab-srte8-h1,192.168.8.2,1,1,5,5,5,0.0,0.100;0.051;0.062;0.115;0.049,0.049,0.075,0.115,0.027,0.062,0.112,0.114
2026-04-06T11:49:14.626,1775447354626,177,exp_static_run1,517.701,2.824,h2_to_h1,clab-srte8-h2,192.168.1.2,1,1,5,5,5,0.0,0.224;0.087;0.041;0.120;0.189,0.041,0.132,0.224,0.066,0.12,0.217,0.223
2026-04-06T11:49:17.898,1775447357898,178,exp_static_run1,520.974,3.273,h1_to_h2,clab-srte8-h1,192.168.8.2,1,1,5,5,5,0.0,0.123;0.046;0.107;0.050;0.112,0.046,0.087,0.123,0.032,0.107,0.121,0.123
2026-04-06T11:49:17.898,1775447357898,178,exp_static_run1,520.974,3.273,h2_to_h1,clab-srte8-h2,192.168.1.2,1,1,5,5,5,0.0,0.095;0.191;0.035;0.057;0.048,0.035,0.085,0.191,0.056,0.057,0.172,0.187
2026-04-06T11:49:21.354,1775447361354,179,exp_static_run1,524.43,3.456,h1_to_h2,clab-srte8-h1,192.168.8.2,1,1,5,5,5,0.0,0.085;0.040;0.071;0.070;0.041,0.04,0.061,0.085,0.017,0.07,0.082,0.084
2026-04-06T11:49:21.354,1775447361354,179,exp_static_run1,524.43,3.456,h2_to_h1,clab-srte8-h2,192.168.1.2,1,1,5,5,5,0.0,0.428;0.115;0.080;0.099;0.100,0.08,0.164,0.428,0.132,0.1,0.365,0.415
2026-04-06T11:49:24.194,1775447364194,180,exp_static_run1,527.269,2.84,h1_to_h2,clab-srte8-h1,192.168.8.2,1,1,5,5,5,0.0,0.063;0.664;0.269;0.086;0.217,0.063,0.259,0.664,0.216,0.217,0.585,0.648
2026-04-06T11:49:24.194,1775447364194,180,exp_static_run1,527.269,2.84,h2_to_h1,clab-srte8-h2,192.168.1.2,1,1,5,5,5,0.0,0.072;0.046;0.150;0.073;0.058,0.046,0.079,0.15,0.036,0.072,0.135,0.147
2026-04-06T11:49:27.340,1775447367340,181,exp_static_run1,530.416,3.146,h1_to_h2,clab-srte8-h1,192.168.8.2,1,1,5,5,5,0.0,0.164;0.132;0.066;0.044;0.058,0.044,0.092,0.164,0.046,0.066,0.158,0.163
2026-04-06T11:49:27.340,1775447367340,181,exp_static_run1,530.416,3.146,h2_to_h1,clab-srte8-h2,192.168.1.2,1,1,5,5,5,0.0,0.055;0.204;0.043;0.215;0.049,0.043,0.113,0.215,0.078,0.055,0.213,0.215
2026-04-06T11:49:30.834,1775447370834,182,exp_static_run1,533.909,3.494,h1_to_h2,clab-srte8-h1,192.168.8.2,1,1,5,5,5,0.0,0.086;0.116;0.113;0.050;0.088,0.05,0.09,0.116,0.023,0.088,0.115,0.116
2026-04-06T11:49:30.834,1775447370834,182,exp_static_run1,533.909,3.494,h2_to_h1,clab-srte8-h2,192.168.1.2,1,1,5,5,5,0.0,0.100;0.055;0.189;0.267;0.110,0.055,0.144,0.267,0.075,0.11,0.251,0.264
2026-04-06T11:49:33.797,1775447373797,183,exp_static_run1,536.873,2.964,h1_to_h2,clab-srte8-h1,192.168.8.2,1,1,5,5,5,0.0,0.480;0.499;0.080;0.335;0.083,0.08,0.295,0.499,0.183,0.335,0.495,0.498
2026-04-06T11:49:33.797,1775447373797,183,exp_static_run1,536.873,2.964,h2_to_h1,clab-srte8-h2,192.168.1.2,1,1,5,5,5,0.0,0.405;0.181;0.067;0.104;0.082,0.067,0.167,0.405,0.124,0.104,0.36,0.396
2026-04-06T11:49:36.714,1775447376714,184,exp_static_run1,539.79,2.917,h1_to_h2,clab-srte8-h1,192.168.8.2,1,1,5,5,5,0.0,0.116;0.110;0.094;0.256;0.553,0.094,0.225,0.553,0.173,0.116,0.494,0.541
2026-04-06T11:49:36.714,1775447376714,184,exp_static_run1,539.79,2.917,h2_to_h1,clab-srte8-h2,192.168.1.2,1,1,5,5,5,0.0,0.118;0.479;0.112;0.079;0.075,0.075,0.172,0.479,0.154,0.112,0.407,0.465
2026-04-06T11:49:39.819,1775447379819,185,exp_static_run1,542.895,3.105,h1_to_h2,clab-srte8-h1,192.168.8.2,1,1,5,5,5,0.0,0.080;0.069;0.242;0.120;0.069,0.069,0.116,0.242,0.065,0.08,0.218,0.237
2026-04-06T11:49:39.819,1775447379819,185,exp_static_run1,542.895,3.105,h2_to_h1,clab-srte8-h2,192.168.1.2,1,1,5,5,5,0.0,0.125;0.069;0.109;0.069;0.062,0.062,0.086,0.125,0.025,0.069,0.122,0.124
2026-04-06T11:49:42.715,1775447382715,186,exp_static_run1,545.791,2.896,h1_to_h2,clab-srte8-h1,192.168.8.2,1,1,5,5,5,0.0,0.160;0.065;0.068;0.089;0.090,0.065,0.094,0.16,0.034,0.089,0.146,0.157
2026-04-06T11:49:42.715,1775447382715,186,exp_static_run1,545.791,2.896,h2_to_h1,clab-srte8-h2,192.168.1.2,1,1,5,5,5,0.0,0.153;0.611;0.066;0.260;0.120,0.066,0.242,0.611,0.195,0.153,0.541,0.597
2026-04-06T11:49:45.573,1775447385573,187,exp_static_run1,548.649,2.858,h1_to_h2,clab-srte8-h1,192.168.8.2,1,1,5,5,5,0.0,0.141;0.074;0.050;0.084;0.049,0.049,0.079,0.141,0.033,0.074,0.13,0.139
2026-04-06T11:49:45.573,1775447385573,187,exp_static_run1,548.649,2.858,h2_to_h1,clab-srte8-h2,192.168.1.2,1,1,5,5,5,0.0,0.057;0.253;0.106;0.107;0.586,0.057,0.221,0.586,0.193,0.107,0.519,0.573
2026-04-06T11:49:48.748,1775447388748,188,exp_static_run1,551.823,3.175,h1_to_h2,clab-srte8-h1,192.168.8.2,1,1,5,5,5,0.0,0.085;0.108;0.084;0.253;0.096,0.084,0.125,0.253,0.064,0.096,0.224,0.247
2026-04-06T11:49:48.748,1775447388748,188,exp_static_run1,551.823,3.175,h2_to_h1,clab-srte8-h2,192.168.1.2,1,1,5,5,5,0.0,0.079;0.074;0.090;0.048;0.051,0.048,0.068,0.09,0.016,0.074,0.088,0.09
2026-04-06T11:49:52.016,1775447392016,189,exp_static_run1,555.092,3.269,h1_to_h2,clab-srte8-h1,192.168.8.2,1,1,5,5,5,0.0,0.070;0.059;0.039;0.305;0.081,0.039,0.11,0.305,0.098,0.07,0.26,0.296
2026-04-06T11:49:52.016,1775447392016,189,exp_static_run1,555.092,3.269,h2_to_h1,clab-srte8-h2,192.168.1.2,1,1,5,5,5,0.0,0.071;0.105;0.163;0.035;0.056,0.035,0.086,0.163,0.044,0.071,0.151,0.161
2026-04-06T11:49:54.956,1775447394956,190,exp_static_run1,558.032,2.94,h1_to_h2,clab-srte8-h1,192.168.8.2,1,1,5,5,5,0.0,0.100;0.075;0.072;0.061;0.060,0.06,0.073,0.1,0.014,0.072,0.095,0.099
2026-04-06T11:49:54.956,1775447394956,190,exp_static_run1,558.032,2.94,h2_to_h1,clab-srte8-h2,192.168.1.2,1,1,5,5,5,0.0,0.098;0.068;0.061;0.089;0.056,0.056,0.074,0.098,0.016,0.068,0.096,0.098
2026-04-06T11:49:58.204,1775447398204,191,exp_static_run1,561.279,3.247,h1_to_h2,clab-srte8-h1,192.168.8.2,1,1,5,5,5,0.0,0.070;0.046;0.155;0.043;0.099,0.043,0.082,0.155,0.041,0.07,0.144,0.153
2026-04-06T11:49:58.204,1775447398204,191,exp_static_run1,561.279,3.247,h2_to_h1,clab-srte8-h2,192.168.1.2,1,1,5,5,5,0.0,0.056;0.230;0.056;0.051;0.066,0.051,0.091,0.23,0.069,0.056,0.197,0.223
2026-04-06T11:50:01.437,1775447401437,192,exp_static_run1,564.513,3.234,h1_to_h2,clab-srte8-h1,192.168.8.2,1,1,5,5,5,0.0,0.130;0.068;0.174;0.116;0.066,0.066,0.11,0.174,0.04,0.116,0.165,0.172
2026-04-06T11:50:01.437,1775447401437,192,exp_static_run1,564.513,3.234,h2_to_h1,clab-srte8-h2,192.168.1.2,1,1,5,5,5,0.0,0.132;0.044;0.087;0.559;0.080,0.044,0.18,0.559,0.191,0.087,0.474,0.542
2026-04-06T11:50:04.362,1775447404362,193,exp_static_run1,567.437,2.925,h1_to_h2,clab-srte8-h1,192.168.8.2,1,1,5,5,5,0.0,0.186;0.083;0.072;0.103;0.417,0.072,0.172,0.417,0.128,0.103,0.371,0.408
2026-04-06T11:50:04.362,1775447404362,193,exp_static_run1,567.437,2.925,h2_to_h1,clab-srte8-h2,192.168.1.2,1,1,5,5,5,0.0,0.181;0.099;0.378;0.140;0.103,0.099,0.18,0.378,0.103,0.14,0.339,0.37
2026-04-06T11:50:07.244,1775447407244,194,exp_static_run1,570.319,2.882,h1_to_h2,clab-srte8-h1,192.168.8.2,1,1,5,5,5,0.0,0.350;0.093;0.207;0.324;0.068,0.068,0.208,0.35,0.115,0.207,0.345,0.349
2026-04-06T11:50:07.244,1775447407244,194,exp_static_run1,570.319,2.882,h2_to_h1,clab-srte8-h2,192.168.1.2,1,1,5,5,5,0.0,0.133;0.079;0.400;0.182;0.075,0.075,0.173,0.4,0.119,0.133,0.356,0.391
2026-04-06T11:50:10.393,1775447410393,195,exp_static_run1,573.469,3.15,h1_to_h2,clab-srte8-h1,192.168.8.2,1,1,5,5,5,0.0,0.153;0.075;0.077;0.194;0.104,0.075,0.12,0.194,0.046,0.104,0.186,0.192
2026-04-06T11:50:10.393,1775447410393,195,exp_static_run1,573.469,3.15,h2_to_h1,clab-srte8-h2,192.168.1.2,1,1,5,5,5,0.0,0.100;0.124;0.068;0.069;0.070,0.068,0.086,0.124,0.022,0.07,0.119,0.123
2026-04-06T11:50:13.245,1775447413245,196,exp_static_run1,576.321,2.852,h1_to_h2,clab-srte8-h1,192.168.8.2,1,1,5,5,5,0.0,0.179;0.042;0.480;0.089;0.088,0.042,0.175,0.48,0.158,0.089,0.42,0.468
2026-04-06T11:50:13.245,1775447413245,196,exp_static_run1,576.321,2.852,h2_to_h1,clab-srte8-h2,192.168.1.2,1,1,5,5,5,0.0,0.772;0.038;0.178;0.042;0.110,0.038,0.228,0.772,0.276,0.11,0.653,0.748
2026-04-06T11:50:16.055,1775447416055,197,exp_static_run1,579.13,2.809,h1_to_h2,clab-srte8-h1,192.168.8.2,1,1,5,5,5,0.0,0.221;0.117;0.077;0.165;0.465,0.077,0.209,0.465,0.136,0.165,0.416,0.455
2026-04-06T11:50:16.055,1775447416055,197,exp_static_run1,579.13,2.809,h2_to_h1,clab-srte8-h2,192.168.1.2,1,1,5,5,5,0.0,0.113;0.040;0.053;0.063;0.089,0.04,0.071,0.113,0.026,0.063,0.108,0.112
2026-04-06T11:50:19.749,1775447419749,198,exp_static_run1,582.825,3.695,h1_to_h2,clab-srte8-h1,192.168.8.2,1,1,5,5,5,0.0,0.064;0.094;0.324;0.069;0.089,0.064,0.128,0.324,0.098,0.089,0.278,0.315
2026-04-06T11:50:19.749,1775447419749,198,exp_static_run1,582.825,3.695,h2_to_h1,clab-srte8-h2,192.168.1.2,1,1,5,5,5,0.0,0.056;0.076;0.104;0.173;0.060,0.056,0.093,0.173,0.043,0.076,0.159,0.17
2026-04-06T11:50:22.771,1775447422771,199,exp_static_run1,585.846,3.022,h1_to_h2,clab-srte8-h1,192.168.8.2,1,1,5,5,5,0.0,0.050;0.102;0.073;0.071;0.100,0.05,0.079,0.102,0.019,0.073,0.102,0.102
2026-04-06T11:50:22.771,1775447422771,199,exp_static_run1,585.846,3.022,h2_to_h1,clab-srte8-h2,192.168.1.2,1,1,5,5,5,0.0,0.125;0.321;0.050;0.042;0.148,0.042,0.137,0.321,0.1,0.125,0.286,0.314
2026-04-06T11:50:25.656,1775447425656,200,exp_static_run1,588.731,2.885,h1_to_h2,clab-srte8-h1,192.168.8.2,1,1,5,5,5,0.0,0.089;0.204;0.037;0.144;0.495,0.037,0.193,0.495,0.16,0.144,0.437,0.483
2026-04-06T11:50:25.656,1775447425656,200,exp_static_run1,588.731,2.885,h2_to_h1,clab-srte8-h2,192.168.1.2,1,1,5,5,5,0.0,0.075;0.039;0.070;0.061;0.045,0.039,0.058,0.075,0.013,0.061,0.074,0.075
2026-04-06T11:50:28.868,1775447428868,201,exp_static_run1,591.944,3.212,h1_to_h2,clab-srte8-h1,192.168.8.2,1,1,5,5,5,0.0,0.137;0.124;0.128;0.104;0.069,0.069,0.112,0.137,0.024,0.124,0.135,0.137
2026-04-06T11:50:28.868,1775447428868,201,exp_static_run1,591.944,3.212,h2_to_h1,clab-srte8-h2,192.168.1.2,1,1,5,5,5,0.0,0.050;0.036;0.084;0.042;0.074,0.036,0.057,0.084,0.018,0.05,0.082,0.084
2026-04-06T11:50:32.744,1775447432744,202,exp_static_run1,595.82,3.876,h1_to_h2,clab-srte8-h1,192.168.8.2,1,1,5,5,5,0.0,0.372;0.082;0.091;0.076;0.087,0.076,0.141,0.372,0.115,0.087,0.316,0.361
2026-04-06T11:50:32.744,1775447432744,202,exp_static_run1,595.82,3.876,h2_to_h1,clab-srte8-h2,192.168.1.2,1,1,5,5,5,0.0,0.070;0.224;0.142;0.066;0.231,0.066,0.146,0.231,0.071,0.142,0.23,0.231
2026-04-06T11:50:35.691,1775447435691,203,exp_static_run1,598.766,2.946,h1_to_h2,clab-srte8-h1,192.168.8.2,1,1,5,5,5,0.0,0.077;0.094;0.113;0.080;0.123,0.077,0.097,0.123,0.018,0.094,0.121,0.123
2026-04-06T11:50:35.691,1775447435691,203,exp_static_run1,598.766,2.946,h2_to_h1,clab-srte8-h2,192.168.1.2,1,1,5,5,5,0.0,0.088;1.460;0.603;0.137;0.196,0.088,0.496,1.458,0.514,0.196,1.289,1.426
2026-04-06T11:50:38.719,1775447438719,204,exp_static_run1,601.795,3.029,h1_to_h2,clab-srte8-h1,192.168.8.2,1,1,5,5,5,0.0,0.232;0.130;0.085;0.265;0.299,0.085,0.202,0.299,0.081,0.232,0.292,0.298
2026-04-06T11:50:38.719,1775447438719,204,exp_static_run1,601.795,3.029,h2_to_h1,clab-srte8-h2,192.168.1.2,1,1,5,5,5,0.0,0.088;0.100;0.093;0.068;0.070,0.068,0.083,0.1,0.012,0.088,0.099,0.1
2026-04-06T11:50:41.865,1775447441865,205,exp_static_run1,604.94,3.145,h1_to_h2,clab-srte8-h1,192.168.8.2,1,1,5,5,5,0.0,0.124;0.120;0.103;0.091;0.237,0.091,0.135,0.237,0.052,0.12,0.214,0.232
2026-04-06T11:50:41.865,1775447441865,205,exp_static_run1,604.94,3.145,h2_to_h1,clab-srte8-h2,192.168.1.2,1,1,5,5,5,0.0,0.082;0.078;0.135;0.170;0.105,0.078,0.114,0.17,0.034,0.105,0.163,0.169
2026-04-06T11:50:44.665,1775447444665,206,exp_static_run1,607.74,2.8,h1_to_h2,clab-srte8-h1,192.168.8.2,1,1,5,5,5,0.0,0.147;0.042;0.068;1.220;0.332,0.042,0.36,1.215,0.438,0.147,1.042,1.184
2026-04-06T11:50:44.665,1775447444665,206,exp_static_run1,607.74,2.8,h2_to_h1,clab-srte8-h2,192.168.1.2,1,1,5,5,5,0.0,0.091;0.333;0.051;0.373;0.826,0.051,0.334,0.826,0.276,0.333,0.735,0.808
2026-04-06T11:50:47.526,1775447447526,207,exp_static_run1,610.602,2.862,h1_to_h2,clab-srte8-h1,192.168.8.2,1,1,5,5,5,0.0,0.129;0.067;0.087;0.051;0.364,0.051,0.139,0.364,0.115,0.087,0.317,0.355
2026-04-06T11:50:47.526,1775447447526,207,exp_static_run1,610.602,2.862,h2_to_h1,clab-srte8-h2,192.168.1.2,1,1,5,5,5,0.0,0.058;0.045;0.336;0.045;0.086,0.045,0.114,0.336,0.112,0.058,0.286,0.326
2026-04-06T11:50:50.928,1775447450928,208,exp_static_run1,614.004,3.402,h1_to_h2,clab-srte8-h1,192.168.8.2,1,1,5,5,5,0.0,0.068;0.055;0.039;0.047;0.095,0.039,0.06,0.095,0.019,0.055,0.09,0.094
2026-04-06T11:50:50.928,1775447450928,208,exp_static_run1,614.004,3.402,h2_to_h1,clab-srte8-h2,192.168.1.2,1,1,5,5,5,0.0,0.077;0.054;0.093;0.301;0.123,0.054,0.129,0.301,0.088,0.093,0.265,0.294
2026-04-06T11:50:54.063,1775447454063,209,exp_static_run1,617.138,3.134,h1_to_h2,clab-srte8-h1,192.168.8.2,1,1,5,5,5,0.0,0.080;0.071;0.053;0.134;0.082,0.053,0.084,0.134,0.027,0.08,0.124,0.132
2026-04-06T11:50:54.063,1775447454063,209,exp_static_run1,617.138,3.134,h2_to_h1,clab-srte8-h2,192.168.1.2,1,1,5,5,5,0.0,0.159;0.102;0.041;0.044;0.062,0.041,0.081,0.159,0.044,0.062,0.148,0.157
2026-04-06T11:50:56.945,1775447456945,210,exp_static_run1,620.021,2.883,h1_to_h2,clab-srte8-h1,192.168.8.2,1,1,5,5,5,0.0,0.075;0.108;0.041;0.241;0.152,0.041,0.123,0.241,0.069,0.108,0.223,0.237
2026-04-06T11:50:56.945,1775447456945,210,exp_static_run1,620.021,2.883,h2_to_h1,clab-srte8-h2,192.168.1.2,1,1,5,5,5,0.0,0.140;0.073;0.091;0.096;0.214,0.073,0.122,0.214,0.05,0.096,0.199,0.211
2026-04-06T11:51:00.193,1775447460193,211,exp_static_run1,623.269,3.248,h1_to_h2,clab-srte8-h1,192.168.8.2,1,1,5,5,5,0.0,0.111;0.141;0.090;0.053;0.062,0.053,0.091,0.141,0.032,0.09,0.135,0.14
2026-04-06T11:51:00.193,1775447460193,211,exp_static_run1,623.269,3.248,h2_to_h1,clab-srte8-h2,192.168.1.2,1,1,5,5,5,0.0,0.291;0.075;0.119;0.050;0.069,0.05,0.12,0.291,0.088,0.075,0.257,0.284
2026-04-06T11:51:03.389,1775447463389,212,exp_static_run1,626.464,3.196,h1_to_h2,clab-srte8-h1,192.168.8.2,1,1,5,5,5,0.0,0.083;0.070;0.066;0.322;0.068,0.066,0.121,0.322,0.1,0.07,0.274,0.312
2026-04-06T11:51:03.389,1775447463389,212,exp_static_run1,626.464,3.196,h2_to_h1,clab-srte8-h2,192.168.1.2,1,1,5,5,5,0.0,0.077;0.070;0.071;0.088;0.078,0.07,0.076,0.088,0.006,0.077,0.086,0.088
2026-04-06T11:51:06.205,1775447466205,213,exp_static_run1,629.28,2.816,h1_to_h2,clab-srte8-h1,192.168.8.2,1,1,5,5,5,0.0,0.075;0.428;0.100;0.139;0.115,0.075,0.171,0.428,0.129,0.115,0.37,0.416
2026-04-06T11:51:06.205,1775447466205,213,exp_static_run1,629.28,2.816,h2_to_h1,clab-srte8-h2,192.168.1.2,1,1,5,5,5,0.0,0.073;0.074;0.118;0.094;0.170,0.073,0.105,0.17,0.036,0.094,0.16,0.168
2026-04-06T11:51:09.196,1775447469196,214,exp_static_run1,632.272,2.991,h1_to_h2,clab-srte8-h1,192.168.8.2,1,1,5,5,5,0.0,0.087;0.117;0.084;0.181;0.342,0.084,0.162,0.342,0.096,0.117,0.31,0.336
2026-04-06T11:51:09.196,1775447469196,214,exp_static_run1,632.272,2.991,h2_to_h1,clab-srte8-h2,192.168.1.2,1,1,5,5,5,0.0,0.217;0.069;0.068;0.071;0.074,0.068,0.099,0.217,0.058,0.071,0.188,0.211
2026-04-06T11:51:12.370,1775447472370,215,exp_static_run1,635.445,3.174,h1_to_h2,clab-srte8-h1,192.168.8.2,1,1,5,5,5,0.0,0.096;0.316;0.063;0.066;0.114,0.063,0.131,0.316,0.094,0.096,0.276,0.308
2026-04-06T11:51:12.370,1775447472370,215,exp_static_run1,635.445,3.174,h2_to_h1,clab-srte8-h2,192.168.1.2,1,1,5,5,5,0.0,0.087;0.070;0.077;0.070;0.082,0.07,0.077,0.087,0.006,0.077,0.086,0.087
2026-04-06T11:51:15.191,1775447475191,216,exp_static_run1,638.267,2.821,h1_to_h2,clab-srte8-h1,192.168.8.2,1,1,5,5,5,0.0,0.177;0.086;0.070;0.137;0.150,0.07,0.124,0.177,0.04,0.137,0.172,0.176
2026-04-06T11:51:15.191,1775447475191,216,exp_static_run1,638.267,2.821,h2_to_h1,clab-srte8-h2,192.168.1.2,1,1,5,5,5,0.0,0.060;0.074;0.222;0.069;0.114,0.06,0.107,0.222,0.06,0.074,0.2,0.218
2026-04-06T11:51:18.243,1775447478243,217,exp_static_run1,641.319,3.052,h1_to_h2,clab-srte8-h1,192.168.8.2,1,1,5,5,5,0.0,0.641;0.146;0.488;0.037;0.038,0.037,0.27,0.641,0.248,0.146,0.61,0.635
2026-04-06T11:51:18.243,1775447478243,217,exp_static_run1,641.319,3.052,h2_to_h1,clab-srte8-h2,192.168.1.2,1,1,5,5,5,0.0,0.055;0.047;0.161;0.233;0.063,0.047,0.111,0.233,0.073,0.063,0.219,0.23
2026-04-06T11:51:21.643,1775447481643,218,exp_static_run1,644.719,3.4,h1_to_h2,clab-srte8-h1,192.168.8.2,1,1,5,5,5,0.0,0.132;0.040;0.065;0.199;0.069,0.04,0.101,0.199,0.057,0.069,0.186,0.196
2026-04-06T11:51:21.643,1775447481643,218,exp_static_run1,644.719,3.4,h2_to_h1,clab-srte8-h2,192.168.1.2,1,1,5,5,5,0.0,0.062;0.071;0.071;0.097;0.039,0.039,0.068,0.097,0.018,0.071,0.092,0.096
2026-04-06T11:51:24.687,1775447484687,219,exp_static_run1,647.763,3.044,h1_to_h2,clab-srte8-h1,192.168.8.2,1,1,5,5,5,0.0,0.051;0.123;0.042;0.077;0.052,0.042,0.069,0.123,0.029,0.052,0.114,0.121
2026-04-06T11:51:24.687,1775447484687,219,exp_static_run1,647.763,3.044,h2_to_h1,clab-srte8-h2,192.168.1.2,1,1,5,5,5,0.0,0.072;0.139;0.048;0.043;0.144,0.043,0.089,0.144,0.043,0.072,0.143,0.144
2026-04-06T11:51:27.451,1775447487451,220,exp_static_run1,650.527,2.764,h1_to_h2,clab-srte8-h1,192.168.8.2,1,1,5,5,5,0.0,0.069;0.084;0.064;0.048;0.119,0.048,0.076,0.119,0.024,0.069,0.112,0.118
2026-04-06T11:51:27.451,1775447487451,220,exp_static_run1,650.527,2.764,h2_to_h1,clab-srte8-h2,192.168.1.2,1,1,5,5,5,0.0,0.126;0.129;0.145;0.126;0.064,0.064,0.118,0.145,0.027,0.126,0.142,0.144
2026-04-06T11:51:30.697,1775447490697,221,exp_static_run1,653.773,3.246,h1_to_h2,clab-srte8-h1,192.168.8.2,1,1,5,5,5,0.0,0.069;0.136;0.047;0.101;0.117,0.047,0.094,0.136,0.032,0.101,0.132,0.135
2026-04-06T11:51:30.697,1775447490697,221,exp_static_run1,653.773,3.246,h2_to_h1,clab-srte8-h2,192.168.1.2,1,1,5,5,5,0.0,0.278;0.071;0.069;0.089;0.072,0.069,0.115,0.278,0.081,0.072,0.24,0.27
2026-04-06T11:51:34.565,1775447494565,222,exp_static_run1,657.64,3.868,h1_to_h2,clab-srte8-h1,192.168.8.2,1,1,5,5,5,0.0,0.098;0.073;0.077;0.069;0.385,0.069,0.14,0.385,0.122,0.077,0.328,0.374
2026-04-06T11:51:34.565,1775447494565,222,exp_static_run1,657.64,3.868,h2_to_h1,clab-srte8-h2,192.168.1.2,1,1,5,5,5,0.0,0.623;0.456;0.063;0.423;0.079,0.063,0.328,0.623,0.221,0.423,0.59,0.616
2026-04-06T11:51:37.470,1775447497470,223,exp_static_run1,660.545,2.905,h1_to_h2,clab-srte8-h1,192.168.8.2,1,1,5,5,5,0.0,0.120;0.068;0.149;0.066;0.242,0.066,0.129,0.242,0.064,0.12,0.223,0.238
2026-04-06T11:51:37.470,1775447497470,223,exp_static_run1,660.545,2.905,h2_to_h1,clab-srte8-h2,192.168.1.2,1,1,5,5,5,0.0,0.151;0.088;0.067;0.460;0.057,0.057,0.164,0.46,0.151,0.088,0.398,0.448
2026-04-06T11:51:40.511,1775447500511,224,exp_static_run1,663.587,3.041,h1_to_h2,clab-srte8-h1,192.168.8.2,1,1,5,5,5,0.0,0.711;0.124;0.074;0.104;0.081,0.074,0.218,0.711,0.246,0.104,0.594,0.688
2026-04-06T11:51:40.511,1775447500511,224,exp_static_run1,663.587,3.041,h2_to_h1,clab-srte8-h2,192.168.1.2,1,1,5,5,5,0.0,0.211;0.074;0.138;0.929;0.246,0.074,0.319,0.929,0.31,0.211,0.792,0.902
2026-04-06T11:51:43.617,1775447503617,225,exp_static_run1,666.693,3.106,h1_to_h2,clab-srte8-h1,192.168.8.2,1,1,5,5,5,0.0,0.118;0.111;0.075;0.067;0.078,0.067,0.089,0.118,0.02,0.078,0.117,0.118
2026-04-06T11:51:43.617,1775447503617,225,exp_static_run1,666.693,3.106,h2_to_h1,clab-srte8-h2,192.168.1.2,1,1,5,5,5,0.0,0.086;0.129;0.041;0.068;0.038,0.038,0.072,0.129,0.033,0.068,0.12,0.127
2026-04-06T11:51:46.813,1775447506813,226,exp_static_run1,669.888,3.195,h1_to_h2,clab-srte8-h1,192.168.8.2,1,1,5,5,5,0.0,0.197;0.056;0.043;0.099;0.141,0.043,0.107,0.197,0.056,0.099,0.186,0.195
2026-04-06T11:51:46.813,1775447506813,226,exp_static_run1,669.888,3.195,h2_to_h1,clab-srte8-h2,192.168.1.2,1,1,5,5,5,0.0,0.132;0.041;0.051;0.064;0.127,0.041,0.083,0.132,0.038,0.064,0.131,0.132
2026-04-06T11:51:50.028,1775447510028,227,exp_static_run1,673.104,3.216,h1_to_h2,clab-srte8-h1,192.168.8.2,1,1,5,5,5,0.0,0.143;0.046;0.042;0.502;0.213,0.042,0.189,0.502,0.168,0.143,0.444,0.49
2026-04-06T11:51:50.028,1775447510028,227,exp_static_run1,673.104,3.216,h2_to_h1,clab-srte8-h2,192.168.1.2,1,1,5,5,5,0.0,0.272;0.061;0.052;0.098;0.041,0.041,0.104,0.272,0.085,0.061,0.237,0.265
2026-04-06T11:51:53.334,1775447513334,228,exp_static_run1,676.41,3.306,h1_to_h2,clab-srte8-h1,192.168.8.2,1,1,5,5,5,0.0,0.116;0.042;0.063;0.123;0.144,0.042,0.097,0.144,0.038,0.116,0.14,0.143
2026-04-06T11:51:53.334,1775447513334,228,exp_static_run1,676.41,3.306,h2_to_h1,clab-srte8-h2,192.168.1.2,1,1,5,5,5,0.0,0.146;0.049;0.153;0.048;0.123,0.048,0.103,0.153,0.046,0.123,0.152,0.153
2026-04-06T11:51:56.365,1775447516365,229,exp_static_run1,679.44,3.031,h1_to_h2,clab-srte8-h1,192.168.8.2,1,1,5,5,5,0.0,0.049;0.089;0.173;0.104;0.387,0.049,0.16,0.387,0.12,0.104,0.344,0.378
2026-04-06T11:51:56.365,1775447516365,229,exp_static_run1,679.44,3.031,h2_to_h1,clab-srte8-h2,192.168.1.2,1,1,5,5,5,0.0,0.118;0.294;0.265;0.184;0.248,0.118,0.221,0.294,0.063,0.248,0.288,0.293
2026-04-06T11:51:59.775,1775447519775,230,exp_static_run1,682.85,3.41,h1_to_h2,clab-srte8-h1,192.168.8.2,1,1,5,5,5,0.0,0.062;0.071;0.111;0.074;0.046,0.046,0.072,0.111,0.021,0.071,0.104,0.11
2026-04-06T11:51:59.775,1775447519775,230,exp_static_run1,682.85,3.41,h2_to_h1,clab-srte8-h2,192.168.1.2,1,1,5,5,5,0.0,0.085;0.043;0.038;0.103;0.068,0.038,0.067,0.103,0.024,0.068,0.099,0.102
2026-04-06T11:52:02.826,1775447522826,231,exp_static_run1,685.901,3.051,h1_to_h2,clab-srte8-h1,192.168.8.2,1,1,5,5,5,0.0,0.121;0.196;0.070;0.068;0.087,0.068,0.108,0.196,0.047,0.087,0.181,0.193
2026-04-06T11:52:02.826,1775447522826,231,exp_static_run1,685.901,3.051,h2_to_h1,clab-srte8-h2,192.168.1.2,1,1,5,5,5,0.0,0.075;0.080;0.069;0.067;0.077,0.067,0.073,0.08,0.004,0.075,0.079,0.08
2026-04-06T11:52:05.850,1775447525850,232,exp_static_run1,688.926,3.025,h1_to_h2,clab-srte8-h1,192.168.8.2,1,1,5,5,5,0.0,0.077;0.085;0.035;0.069;0.068,0.035,0.066,0.085,0.017,0.069,0.083,0.085
2026-04-06T11:52:05.850,1775447525850,232,exp_static_run1,688.926,3.025,h2_to_h1,clab-srte8-h2,192.168.1.2,1,1,5,5,5,0.0,0.209;0.215;0.160;0.450;0.074,0.074,0.221,0.45,0.124,0.209,0.403,0.441
2026-04-06T11:52:08.572,1775447528572,233,exp_static_run1,691.648,2.722,h1_to_h2,clab-srte8-h1,192.168.8.2,1,1,5,5,5,0.0,0.210;0.074;0.391;0.466;0.566,0.074,0.341,0.566,0.177,0.391,0.546,0.562
2026-04-06T11:52:08.572,1775447528572,233,exp_static_run1,691.648,2.722,h2_to_h1,clab-srte8-h2,192.168.1.2,1,1,5,5,5,0.0,0.081;0.099;0.452;0.741;0.088,0.081,0.292,0.741,0.264,0.099,0.683,0.729
2026-04-06T11:52:11.607,1775447531607,234,exp_static_run1,694.683,3.035,h1_to_h2,clab-srte8-h1,192.168.8.2,1,1,5,5,5,0.0,0.325;0.179;0.096;0.083;0.080,0.08,0.152,0.325,0.093,0.096,0.296,0.319
2026-04-06T11:52:11.607,1775447531607,234,exp_static_run1,694.683,3.035,h2_to_h1,clab-srte8-h2,192.168.1.2,1,1,5,5,5,0.0,0.077;0.102;0.069;0.063;0.088,0.063,0.079,0.102,0.013,0.077,0.099,0.101
2026-04-06T11:52:14.636,1775447534636,235,exp_static_run1,697.711,3.029,h1_to_h2,clab-srte8-h1,192.168.8.2,1,1,5,5,5,0.0,0.060;0.069;0.072;0.042;0.079,0.042,0.064,0.079,0.012,0.069,0.078,0.079
2026-04-06T11:52:14.636,1775447534636,235,exp_static_run1,697.711,3.029,h2_to_h1,clab-srte8-h2,192.168.1.2,1,1,5,5,5,0.0,0.070;0.157;0.055;0.036;0.039,0.036,0.071,0.157,0.044,0.055,0.14,0.154
2026-04-06T11:52:17.390,1775447537390,236,exp_static_run1,700.466,2.754,h1_to_h2,clab-srte8-h1,192.168.8.2,1,1,5,5,5,0.0,0.532;0.056;0.207;0.066;0.086,0.056,0.189,0.532,0.179,0.086,0.467,0.519
2026-04-06T11:52:17.390,1775447537390,236,exp_static_run1,700.466,2.754,h2_to_h1,clab-srte8-h2,192.168.1.2,1,1,5,5,5,0.0,0.098;0.318;0.050;0.067;0.128,0.05,0.132,0.318,0.096,0.098,0.28,0.31
2026-04-06T11:52:20.440,1775447540440,237,exp_static_run1,703.515,3.05,h1_to_h2,clab-srte8-h1,192.168.8.2,1,1,5,5,5,0.0,0.065;0.043;0.130;0.049;0.037,0.037,0.064,0.13,0.033,0.049,0.117,0.127
2026-04-06T11:52:20.440,1775447540440,237,exp_static_run1,703.515,3.05,h2_to_h1,clab-srte8-h2,192.168.1.2,1,1,5,5,5,0.0,0.085;0.052;0.124;0.047;0.056,0.047,0.072,0.124,0.028,0.056,0.116,0.122
2026-04-06T11:52:23.575,1775447543575,238,exp_static_run1,706.651,3.136,h1_to_h2,clab-srte8-h1,192.168.8.2,1,1,5,5,5,0.0,0.228;0.070;0.452;0.109;0.038,0.038,0.179,0.452,0.15,0.109,0.407,0.443
2026-04-06T11:52:23.575,1775447543575,238,exp_static_run1,706.651,3.136,h2_to_h1,clab-srte8-h2,192.168.1.2,1,1,5,5,5,0.0,0.124;0.037;0.037;0.055;0.279,0.037,0.106,0.279,0.092,0.055,0.248,0.273
2026-04-06T11:52:26.400,1775447546400,239,exp_static_run1,709.475,2.824,h1_to_h2,clab-srte8-h1,192.168.8.2,1,1,5,5,5,0.0,0.107;0.050;0.038;0.253;0.037,0.037,0.097,0.253,0.082,0.05,0.224,0.247
2026-04-06T11:52:26.400,1775447546400,239,exp_static_run1,709.475,2.824,h2_to_h1,clab-srte8-h2,192.168.1.2,1,1,5,5,5,0.0,0.051;0.071;0.069;0.053;0.043,0.043,0.057,0.071,0.01,0.053,0.071,0.071
2026-04-06T11:52:29.305,1775447549305,240,exp_static_run1,712.381,2.905,h1_to_h2,clab-srte8-h1,192.168.8.2,1,1,5,5,5,0.0,0.161;0.243;0.238;0.139;0.066,0.066,0.169,0.243,0.066,0.161,0.242,0.243
2026-04-06T11:52:29.305,1775447549305,240,exp_static_run1,712.381,2.905,h2_to_h1,clab-srte8-h2,192.168.1.2,1,1,5,5,5,0.0,0.060;0.119;0.131;0.093;0.058,0.058,0.092,0.131,0.029,0.093,0.129,0.131
2026-04-06T11:52:32.491,1775447552491,241,exp_static_run1,715.567,3.186,h1_to_h2,clab-srte8-h1,192.168.8.2,1,1,5,5,5,0.0,0.098;0.107;0.076;0.077;0.194,0.076,0.11,0.194,0.043,0.098,0.177,0.191
2026-04-06T11:52:32.491,1775447552491,241,exp_static_run1,715.567,3.186,h2_to_h1,clab-srte8-h2,192.168.1.2,1,1,5,5,5,0.0,0.139;0.070;0.096;0.068;0.093,0.068,0.093,0.139,0.025,0.093,0.13,0.137
2026-04-06T11:52:35.701,1775447555701,242,exp_static_run1,718.777,3.21,h1_to_h2,clab-srte8-h1,192.168.8.2,1,1,5,5,5,0.0,0.098;0.072;0.099;0.077;0.087,0.072,0.086,0.099,0.01,0.087,0.099,0.099
2026-04-06T11:52:35.701,1775447555701,242,exp_static_run1,718.777,3.21,h2_to_h1,clab-srte8-h2,192.168.1.2,1,1,5,5,5,0.0,0.167;0.434;0.134;0.124;0.068,0.068,0.185,0.434,0.128,0.134,0.381,0.423
2026-04-06T11:52:38.483,1775447558483,243,exp_static_run1,721.559,2.782,h1_to_h2,clab-srte8-h1,192.168.8.2,1,1,5,5,5,0.0,0.089;0.266;0.545;0.091;0.073,0.073,0.212,0.545,0.18,0.091,0.489,0.534
2026-04-06T11:52:38.483,1775447558483,243,exp_static_run1,721.559,2.782,h2_to_h1,clab-srte8-h2,192.168.1.2,1,1,5,5,5,0.0,0.219;0.173;0.492;0.222;0.069,0.069,0.235,0.492,0.139,0.219,0.438,0.481
2026-04-06T11:52:41.512,1775447561512,244,exp_static_run1,724.588,3.029,h1_to_h2,clab-srte8-h1,192.168.8.2,1,1,5,5,5,0.0,0.173;0.448;0.133;0.078;0.340,0.078,0.234,0.448,0.138,0.173,0.426,0.444
2026-04-06T11:52:41.512,1775447561512,244,exp_static_run1,724.588,3.029,h2_to_h1,clab-srte8-h2,192.168.1.2,1,1,5,5,5,0.0,0.130;0.074;0.102;0.068;0.068,0.068,0.088,0.13,0.024,0.074,0.124,0.129
2026-04-06T11:52:44.604,1775447564604,245,exp_static_run1,727.68,3.092,h1_to_h2,clab-srte8-h1,192.168.8.2,1,1,5,5,5,0.0,0.134;0.088;0.084;0.056;0.038,0.038,0.08,0.134,0.032,0.084,0.125,0.132
2026-04-06T11:52:44.604,1775447564604,245,exp_static_run1,727.68,3.092,h2_to_h1,clab-srte8-h2,192.168.1.2,1,1,5,5,5,0.0,0.139;0.091;0.065;0.092;0.043,0.043,0.086,0.139,0.032,0.091,0.13,0.137
2026-04-06T11:52:47.450,1775447567450,246,exp_static_run1,730.525,2.846,h1_to_h2,clab-srte8-h1,192.168.8.2,1,1,5,5,5,0.0,0.079;0.435;0.086;0.164;0.072,0.072,0.167,0.435,0.137,0.086,0.381,0.424
2026-04-06T11:52:47.450,1775447567450,246,exp_static_run1,730.525,2.846,h2_to_h1,clab-srte8-h2,192.168.1.2,1,1,5,5,5,0.0,0.066;0.114;0.125;0.085;0.063,0.063,0.09,0.125,0.025,0.085,0.123,0.125
2026-04-06T11:52:50.486,1775447570486,247,exp_static_run1,733.561,3.036,h1_to_h2,clab-srte8-h1,192.168.8.2,1,1,5,5,5,0.0,0.093;0.044;0.081;0.088;0.093,0.044,0.079,0.093,0.018,0.088,0.093,0.093
2026-04-06T11:52:50.486,1775447570486,247,exp_static_run1,733.561,3.036,h2_to_h1,clab-srte8-h2,192.168.1.2,1,1,5,5,5,0.0,0.058;0.071;0.643;0.236;0.041,0.041,0.209,0.643,0.227,0.071,0.562,0.627
2026-04-06T11:52:54.182,1775447574182,248,exp_static_run1,737.258,3.696,h1_to_h2,clab-srte8-h1,192.168.8.2,1,1,5,5,5,0.0,0.065;0.047;0.077;0.051;0.172,0.047,0.082,0.172,0.046,0.065,0.153,0.168
2026-04-06T11:52:54.182,1775447574182,248,exp_static_run1,737.258,3.696,h2_to_h1,clab-srte8-h2,192.168.1.2,1,1,5,5,5,0.0,0.080;0.073;0.057;0.036;0.150,0.036,0.079,0.15,0.038,0.073,0.136,0.147
2026-04-06T11:52:57.069,1775447577069,249,exp_static_run1,740.145,2.887,h1_to_h2,clab-srte8-h1,192.168.8.2,1,1,5,5,5,0.0,0.068;0.090;0.036;0.075;0.131,0.036,0.08,0.131,0.031,0.075,0.123,0.129
2026-04-06T11:52:57.069,1775447577069,249,exp_static_run1,740.145,2.887,h2_to_h1,clab-srte8-h2,192.168.1.2,1,1,5,5,5,0.0,0.068;0.636;0.073;0.087;0.049,0.049,0.182,0.636,0.227,0.073,0.526,0.614
2026-04-06T11:52:59.918,1775447579918,250,exp_static_run1,742.993,2.849,h1_to_h2,clab-srte8-h1,192.168.8.2,1,1,5,5,5,0.0,0.164;0.062;0.044;0.195;0.608,0.044,0.214,0.608,0.204,0.164,0.525,0.591
2026-04-06T11:52:59.918,1775447579918,250,exp_static_run1,742.993,2.849,h2_to_h1,clab-srte8-h2,192.168.1.2,1,1,5,5,5,0.0,0.244;0.048;0.153;0.453;0.112,0.048,0.202,0.453,0.14,0.153,0.411,0.445
2026-04-06T11:53:03.241,1775447583241,251,exp_static_run1,746.317,3.324,h1_to_h2,clab-srte8-h1,192.168.8.2,1,1,5,5,5,0.0,0.149;0.102;0.105;0.100;0.117,0.1,0.114,0.149,0.018,0.105,0.143,0.148
2026-04-06T11:53:03.241,1775447583241,251,exp_static_run1,746.317,3.324,h2_to_h1,clab-srte8-h2,192.168.1.2,1,1,5,5,5,0.0,0.162;0.104;0.071;0.067;0.069,0.067,0.094,0.162,0.036,0.071,0.15,0.16
2026-04-06T11:53:06.533,1775447586533,252,exp_static_run1,749.609,3.292,h1_to_h2,clab-srte8-h1,192.168.8.2,1,1,5,5,5,0.0,0.164;0.124;0.465;0.072;0.077,0.072,0.18,0.465,0.146,0.124,0.405,0.453
2026-04-06T11:53:06.533,1775447586533,252,exp_static_run1,749.609,3.292,h2_to_h1,clab-srte8-h2,192.168.1.2,1,1,5,5,5,0.0,0.102;0.126;0.339;0.105;0.247,0.102,0.183,0.339,0.094,0.126,0.321,0.335
2026-04-06T11:53:09.459,1775447589459,253,exp_static_run1,752.534,2.926,h1_to_h2,clab-srte8-h1,192.168.8.2,1,1,5,5,5,0.0,0.316;0.399;0.115;2.050;2.270,0.115,1.029,2.268,0.929,0.399,2.226,2.261
2026-04-06T11:53:09.459,1775447589459,253,exp_static_run1,752.534,2.926,h2_to_h1,clab-srte8-h2,192.168.1.2,1,1,5,5,5,0.0,0.468;0.070;0.073;0.374;0.067,0.067,0.21,0.468,0.174,0.073,0.449,0.464
2026-04-06T11:53:12.928,1775447592928,254,exp_static_run1,756.003,3.469,h1_to_h2,clab-srte8-h1,192.168.8.2,1,1,5,5,5,0.0,0.784;0.554;0.630;0.488;0.615,0.488,0.614,0.784,0.098,0.615,0.753,0.778
2026-04-06T11:53:12.928,1775447592928,254,exp_static_run1,756.003,3.469,h2_to_h1,clab-srte8-h2,192.168.1.2,1,1,5,5,5,0.0,0.077;0.059;0.048;0.035;0.037,0.035,0.051,0.077,0.015,0.048,0.073,0.076
2026-04-06T11:53:15.805,1775447595805,255,exp_static_run1,758.881,2.877,h1_to_h2,clab-srte8-h1,192.168.8.2,1,1,5,5,5,0.0,0.114;0.113;0.039;0.109;0.038,0.038,0.082,0.114,0.036,0.109,0.114,0.114
2026-04-06T11:53:15.805,1775447595805,255,exp_static_run1,758.881,2.877,h2_to_h1,clab-srte8-h2,192.168.1.2,1,1,5,5,5,0.0,0.048;0.055;0.072;0.472;0.232,0.048,0.175,0.472,0.162,0.072,0.424,0.462
2026-04-06T11:53:18.451,1775447598451,256,exp_static_run1,761.527,2.646,h1_to_h2,clab-srte8-h1,192.168.8.2,1,1,5,5,5,0.0,0.111;0.152;0.386;0.073;0.251,0.073,0.194,0.386,0.112,0.152,0.359,0.381
2026-04-06T11:53:18.451,1775447598451,256,exp_static_run1,761.527,2.646,h2_to_h1,clab-srte8-h2,192.168.1.2,1,1,5,5,5,0.0,0.095;0.079;0.469;0.297;0.430,0.079,0.274,0.469,0.163,0.297,0.461,0.467
2026-04-06T11:53:22.457,1775447602457,257,exp_static_run1,765.533,4.006,h1_to_h2,clab-srte8-h1,192.168.8.2,1,1,5,5,5,0.0,0.156;0.039;0.040;0.067;0.059,0.039,0.072,0.156,0.043,0.059,0.138,0.152
2026-04-06T11:53:22.457,1775447602457,257,exp_static_run1,765.533,4.006,h2_to_h1,clab-srte8-h2,192.168.1.2,1,1,5,5,5,0.0,0.142;0.038;0.038;0.115;0.037,0.037,0.074,0.142,0.045,0.038,0.137,0.141
2026-04-06T11:53:26.265,1775447606265,258,exp_static_run1,769.34,3.807,h1_to_h2,clab-srte8-h1,192.168.8.2,1,1,5,5,5,0.0,0.132;0.093;0.121;0.085;0.039,0.039,0.094,0.132,0.032,0.093,0.13,0.132
2026-04-06T11:53:26.265,1775447606265,258,exp_static_run1,769.34,3.807,h2_to_h1,clab-srte8-h2,192.168.1.2,1,1,5,5,5,0.0,0.066;0.046;0.091;0.141;0.057,0.046,0.08,0.141,0.033,0.066,0.131,0.139
2026-04-06T11:53:29.312,1775447609312,259,exp_static_run1,772.387,3.047,h1_to_h2,clab-srte8-h1,192.168.8.2,1,1,5,5,5,0.0,0.078;0.187;0.069;0.086;0.202,0.069,0.124,0.202,0.057,0.086,0.199,0.201
2026-04-06T11:53:29.312,1775447609312,259,exp_static_run1,772.387,3.047,h2_to_h1,clab-srte8-h2,192.168.1.2,1,1,5,5,5,0.0,0.052;0.090;0.042;0.079;0.141,0.042,0.08,0.141,0.034,0.079,0.131,0.139
2026-04-06T11:53:32.167,1775447612167,260,exp_static_run1,775.242,2.855,h1_to_h2,clab-srte8-h1,192.168.8.2,1,1,5,5,5,0.0,0.243;0.071;0.108;0.070;0.090,0.07,0.116,0.243,0.064,0.09,0.216,0.238
2026-04-06T11:53:32.167,1775447612167,260,exp_static_run1,775.242,2.855,h2_to_h1,clab-srte8-h2,192.168.1.2,1,1,5,5,5,0.0,0.113;0.077;0.078;0.068;0.106,0.068,0.088,0.113,0.017,0.078,0.112,0.113
2026-04-06T11:53:35.082,1775447615082,261,exp_static_run1,778.158,2.916,h1_to_h2,clab-srte8-h1,192.168.8.2,1,1,5,5,5,0.0,0.133;0.653;0.143;0.070;0.093,0.07,0.218,0.653,0.218,0.133,0.551,0.633
2026-04-06T11:53:35.082,1775447615082,261,exp_static_run1,778.158,2.916,h2_to_h1,clab-srte8-h2,192.168.1.2,1,1,5,5,5,0.0,0.071;0.107;0.067;0.079;0.124,0.067,0.089,0.124,0.022,0.079,0.121,0.123
2026-04-06T11:53:37.944,1775447617944,262,exp_static_run1,781.02,2.862,h1_to_h2,clab-srte8-h1,192.168.8.2,1,1,5,5,5,0.0,0.080;0.080;0.160;0.059;0.068,0.059,0.089,0.16,0.036,0.08,0.144,0.157
2026-04-06T11:53:37.944,1775447617944,262,exp_static_run1,781.02,2.862,h2_to_h1,clab-srte8-h2,192.168.1.2,1,1,5,5,5,0.0,0.084;0.261;0.468;0.265;0.065,0.065,0.228,0.468,0.146,0.261,0.427,0.46
2026-04-06T11:53:40.823,1775447620823,263,exp_static_run1,783.899,2.879,h1_to_h2,clab-srte8-h1,192.168.8.2,1,1,5,5,5,0.0,0.182;0.119;0.098;0.329;0.094,0.094,0.164,0.329,0.088,0.119,0.3,0.323
2026-04-06T11:53:40.823,1775447620823,263,exp_static_run1,783.899,2.879,h2_to_h1,clab-srte8-h2,192.168.1.2,1,1,5,5,5,0.0,0.129;0.393;0.065;0.078;0.099,0.065,0.152,0.393,0.122,0.099,0.34,0.382
2026-04-06T11:53:44.025,1775447624025,264,exp_static_run1,787.1,3.201,h1_to_h2,clab-srte8-h1,192.168.8.2,1,1,5,5,5,0.0,0.080;0.271;0.141;0.078;0.097,0.078,0.133,0.271,0.072,0.097,0.245,0.266
2026-04-06T11:53:44.025,1775447624025,264,exp_static_run1,787.1,3.201,h2_to_h1,clab-srte8-h2,192.168.1.2,1,1,5,5,5,0.0,0.086;0.038;0.159;0.068;0.063,0.038,0.082,0.159,0.041,0.068,0.144,0.156
2026-04-06T11:53:47.117,1775447627117,265,exp_static_run1,790.193,3.093,h1_to_h2,clab-srte8-h1,192.168.8.2,1,1,5,5,5,0.0,0.068;0.042;0.070;0.163;0.041,0.041,0.076,0.163,0.044,0.068,0.144,0.159
2026-04-06T11:53:47.117,1775447627117,265,exp_static_run1,790.193,3.093,h2_to_h1,clab-srte8-h2,192.168.1.2,1,1,5,5,5,0.0,0.067;0.041;0.038;0.040;0.194,0.038,0.076,0.194,0.059,0.041,0.169,0.189
2026-04-06T11:53:50.068,1775447630068,266,exp_static_run1,793.144,2.951,h1_to_h2,clab-srte8-h1,192.168.8.2,1,1,5,5,5,0.0,0.084;0.047;0.097;0.068;0.053,0.047,0.069,0.097,0.018,0.068,0.094,0.096
2026-04-06T11:53:50.068,1775447630068,266,exp_static_run1,793.144,2.951,h2_to_h1,clab-srte8-h2,192.168.1.2,1,1,5,5,5,0.0,0.097;0.375;0.078;0.089;0.086,0.078,0.145,0.375,0.115,0.089,0.319,0.364
2026-04-06T11:53:53.630,1775447633630,267,exp_static_run1,796.705,3.561,h1_to_h2,clab-srte8-h1,192.168.8.2,1,1,5,5,5,0.0,0.094;0.056;0.052;0.045;0.101,0.045,0.069,0.101,0.023,0.056,0.1,0.101
2026-04-06T11:53:53.630,1775447633630,267,exp_static_run1,796.705,3.561,h2_to_h1,clab-srte8-h2,192.168.1.2,1,1,5,5,5,0.0,0.055;0.037;0.070;0.086;0.114,0.037,0.072,0.114,0.026,0.07,0.108,0.113
2026-04-06T11:53:56.992,1775447636992,268,exp_static_run1,800.068,3.363,h1_to_h2,clab-srte8-h1,192.168.8.2,1,1,5,5,5,0.0,0.072;0.069;0.060;0.071;0.084,0.06,0.071,0.084,0.007,0.071,0.082,0.084
2026-04-06T11:53:56.992,1775447636992,268,exp_static_run1,800.068,3.363,h2_to_h1,clab-srte8-h2,192.168.1.2,1,1,5,5,5,0.0,0.045;0.085;0.135;0.154;0.037,0.037,0.091,0.154,0.046,0.085,0.15,0.153
2026-04-06T11:53:59.921,1775447639921,269,exp_static_run1,802.996,2.929,h1_to_h2,clab-srte8-h1,192.168.8.2,1,1,5,5,5,0.0,0.057;0.045;0.076;0.048;0.042,0.042,0.053,0.076,0.012,0.048,0.072,0.075
2026-04-06T11:53:59.921,1775447639921,269,exp_static_run1,802.996,2.929,h2_to_h1,clab-srte8-h2,192.168.1.2,1,1,5,5,5,0.0,0.082;0.337;0.039;0.116;0.067,0.039,0.128,0.337,0.107,0.082,0.293,0.328
2026-04-06T11:54:03.285,1775447643285,270,exp_static_run1,806.36,3.364,h1_to_h2,clab-srte8-h1,192.168.8.2,1,1,5,5,5,0.0,0.373;0.154;0.126;0.608;0.707,0.126,0.393,0.707,0.233,0.373,0.687,0.703
2026-04-06T11:54:03.285,1775447643285,270,exp_static_run1,806.36,3.364,h2_to_h1,clab-srte8-h2,192.168.1.2,1,1,5,5,5,0.0,0.554;0.084;0.080;0.287;0.353,0.08,0.271,0.554,0.178,0.287,0.514,0.546
2026-04-06T11:54:07.070,1775447647070,271,exp_static_run1,810.145,3.785,h1_to_h2,clab-srte8-h1,192.168.8.2,1,1,5,5,5,0.0,0.108;0.113;0.234;0.462;0.330,0.108,0.249,0.462,0.134,0.234,0.436,0.457
2026-04-06T11:54:07.070,1775447647070,271,exp_static_run1,810.145,3.785,h2_to_h1,clab-srte8-h2,192.168.1.2,1,1,5,5,5,0.0,0.126;0.484;0.102;0.234;0.069,0.069,0.203,0.484,0.151,0.126,0.434,0.474
2026-04-06T11:54:10.472,1775447650472,272,exp_static_run1,813.547,3.402,h1_to_h2,clab-srte8-h1,192.168.8.2,1,1,5,5,5,0.0,0.443;0.395;0.077;0.069;0.072,0.069,0.211,0.443,0.17,0.077,0.433,0.441
2026-04-06T11:54:10.472,1775447650472,272,exp_static_run1,813.547,3.402,h2_to_h1,clab-srte8-h2,192.168.1.2,1,1,5,5,5,0.0,0.615;0.118;0.131;0.417;0.095,0.095,0.275,0.615,0.206,0.131,0.575,0.607
2026-04-06T11:54:13.616,1775447653616,273,exp_static_run1,816.691,3.144,h1_to_h2,clab-srte8-h1,192.168.8.2,1,1,5,5,5,0.0,0.093;0.074;0.123;0.384;0.123,0.074,0.159,0.384,0.113,0.123,0.332,0.374
2026-04-06T11:54:13.616,1775447653616,273,exp_static_run1,816.691,3.144,h2_to_h1,clab-srte8-h2,192.168.1.2,1,1,5,5,5,0.0,0.707;0.087;0.067;0.068;0.075,0.067,0.2,0.707,0.253,0.075,0.583,0.682
2026-04-06T11:54:16.647,1775447656647,274,exp_static_run1,819.722,3.031,h1_to_h2,clab-srte8-h1,192.168.8.2,1,1,5,5,5,0.0,0.132;0.116;0.040;0.059;0.070,0.04,0.083,0.132,0.034,0.07,0.129,0.131
2026-04-06T11:54:16.647,1775447656647,274,exp_static_run1,819.722,3.031,h2_to_h1,clab-srte8-h2,192.168.1.2,1,1,5,5,5,0.0,0.058;0.037;0.070;0.073;0.118,0.037,0.071,0.118,0.026,0.07,0.109,0.116
2026-04-06T11:54:19.502,1775447659502,275,exp_static_run1,822.578,2.855,h1_to_h2,clab-srte8-h1,192.168.8.2,1,1,5,5,5,0.0,0.126;0.050;0.521;0.045;0.197,0.045,0.187,0.521,0.175,0.126,0.456,0.508
2026-04-06T11:54:19.502,1775447659502,275,exp_static_run1,822.578,2.855,h2_to_h1,clab-srte8-h2,192.168.1.2,1,1,5,5,5,0.0,0.111;0.065;0.068;0.326;0.404,0.065,0.194,0.404,0.142,0.111,0.388,0.401
2026-04-06T11:54:22.955,1775447662955,276,exp_static_run1,826.031,3.453,h1_to_h2,clab-srte8-h1,192.168.8.2,1,1,5,5,5,0.0,0.104;0.220;1.020;0.453;0.072,0.072,0.374,1.024,0.351,0.22,0.907,0.997
2026-04-06T11:54:22.955,1775447662955,276,exp_static_run1,826.031,3.453,h2_to_h1,clab-srte8-h2,192.168.1.2,1,1,5,5,5,0.0,0.130;0.097;0.175;0.061;0.041,0.041,0.1,0.175,0.048,0.097,0.166,0.173
2026-04-06T11:54:26.294,1775447666294,277,exp_static_run1,829.369,3.339,h1_to_h2,clab-srte8-h1,192.168.8.2,1,1,5,5,5,0.0,0.124;0.042;0.092;0.051;0.253,0.042,0.112,0.253,0.076,0.092,0.227,0.248
2026-04-06T11:54:26.294,1775447666294,277,exp_static_run1,829.369,3.339,h2_to_h1,clab-srte8-h2,192.168.1.2,1,1,5,5,5,0.0,0.115;0.112;0.096;0.042;0.299,0.042,0.132,0.299,0.087,0.112,0.262,0.292
2026-04-06T11:54:29.322,1775447669322,278,exp_static_run1,832.398,3.029,h1_to_h2,clab-srte8-h1,192.168.8.2,1,1,5,5,5,0.0,0.136;0.058;0.119;0.044;0.124,0.044,0.096,0.136,0.037,0.119,0.134,0.136
2026-04-06T11:54:29.322,1775447669322,278,exp_static_run1,832.398,3.029,h2_to_h1,clab-srte8-h2,192.168.1.2,1,1,5,5,5,0.0,0.115;0.804;0.162;0.178;0.240,0.115,0.299,0.804,0.255,0.178,0.691,0.781
2026-04-06T11:54:32.359,1775447672359,279,exp_static_run1,835.434,3.036,h1_to_h2,clab-srte8-h1,192.168.8.2,1,1,5,5,5,0.0,0.491;0.288;0.072;0.161;0.116,0.072,0.225,0.491,0.151,0.161,0.45,0.483
2026-04-06T11:54:32.359,1775447672359,279,exp_static_run1,835.434,3.036,h2_to_h1,clab-srte8-h2,192.168.1.2,1,1,5,5,5,0.0,0.167;0.127;0.134;0.091;0.067,0.067,0.117,0.167,0.034,0.127,0.16,0.166
2026-04-06T11:54:35.659,1775447675659,280,exp_static_run1,838.735,3.3,h1_to_h2,clab-srte8-h1,192.168.8.2,1,1,5,5,5,0.0,0.614;0.076;0.077;0.106;0.073,0.073,0.189,0.614,0.212,0.077,0.512,0.594
2026-04-06T11:54:35.659,1775447675659,280,exp_static_run1,838.735,3.3,h2_to_h1,clab-srte8-h2,192.168.1.2,1,1,5,5,5,0.0,0.154;0.066;0.066;0.160;0.111,0.066,0.111,0.16,0.04,0.111,0.159,0.16
2026-04-06T11:54:38.721,1775447678721,281,exp_static_run1,841.796,3.062,h1_to_h2,clab-srte8-h1,192.168.8.2,1,1,5,5,5,0.0,0.284;0.101;0.457;0.090;0.088,0.088,0.204,0.457,0.146,0.101,0.422,0.45
2026-04-06T11:54:38.721,1775447678721,281,exp_static_run1,841.796,3.062,h2_to_h1,clab-srte8-h2,192.168.1.2,1,1,5,5,5,0.0,0.139;0.068;0.080;0.551;0.062,0.062,0.18,0.551,0.187,0.08,0.469,0.535
2026-04-06T11:54:41.453,1775447681453,282,exp_static_run1,844.528,2.732,h1_to_h2,clab-srte8-h1,192.168.8.2,1,1,5,5,5,0.0,0.087;0.074;0.069;0.079;0.068,0.068,0.075,0.087,0.007,0.074,0.085,0.087
2026-04-06T11:54:41.453,1775447681453,282,exp_static_run1,844.528,2.732,h2_to_h1,clab-srte8-h2,192.168.1.2,1,1,5,5,5,0.0,0.112;0.095;0.106;0.061;0.076,0.061,0.09,0.112,0.019,0.095,0.111,0.112
2026-04-06T11:54:44.386,1775447684386,283,exp_static_run1,847.462,2.933,h1_to_h2,clab-srte8-h1,192.168.8.2,1,1,5,5,5,0.0,0.070;0.071;0.042;0.061;0.069,0.042,0.062,0.071,0.01,0.069,0.071,0.071
2026-04-06T11:54:44.386,1775447684386,283,exp_static_run1,847.462,2.933,h2_to_h1,clab-srte8-h2,192.168.1.2,1,1,5,5,5,0.0,0.050;0.127;0.125;0.053;0.084,0.05,0.087,0.127,0.033,0.084,0.127,0.127
2026-04-06T11:54:47.596,1775447687596,284,exp_static_run1,850.672,3.21,h1_to_h2,clab-srte8-h1,192.168.8.2,1,1,5,5,5,0.0,0.072;0.073;0.136;0.223;0.062,0.062,0.113,0.223,0.06,0.073,0.206,0.22
2026-04-06T11:54:47.596,1775447687596,284,exp_static_run1,850.672,3.21,h2_to_h1,clab-srte8-h2,192.168.1.2,1,1,5,5,5,0.0,0.095;0.072;0.071;0.151;0.119,0.071,0.101,0.151,0.03,0.095,0.145,0.15
2026-04-06T11:54:50.459,1775447690459,285,exp_static_run1,853.535,2.863,h1_to_h2,clab-srte8-h1,192.168.8.2,1,1,5,5,5,0.0,0.081;0.042;0.097;0.561;0.059,0.042,0.168,0.561,0.197,0.081,0.468,0.542
2026-04-06T11:54:50.459,1775447690459,285,exp_static_run1,853.535,2.863,h2_to_h1,clab-srte8-h2,192.168.1.2,1,1,5,5,5,0.0,0.140;0.039;0.078;0.047;0.087,0.039,0.078,0.14,0.035,0.078,0.129,0.138
2026-04-06T11:54:53.492,1775447693492,286,exp_static_run1,856.567,3.033,h1_to_h2,clab-srte8-h1,192.168.8.2,1,1,5,5,5,0.0,0.144;0.041;0.040;0.074;0.059,0.04,0.071,0.144,0.038,0.059,0.13,0.141
2026-04-06T11:54:53.492,1775447693492,286,exp_static_run1,856.567,3.033,h2_to_h1,clab-srte8-h2,192.168.1.2,1,1,5,5,5,0.0,0.089;0.089;0.145;0.073;0.066,0.066,0.092,0.145,0.027,0.089,0.134,0.143
2026-04-06T11:54:56.904,1775447696904,287,exp_static_run1,859.98,3.412,h1_to_h2,clab-srte8-h1,192.168.8.2,1,1,5,5,5,0.0,0.066;0.063;0.041;0.091;0.070,0.041,0.066,0.091,0.015,0.066,0.087,0.09
2026-04-06T11:54:56.904,1775447696904,287,exp_static_run1,859.98,3.412,h2_to_h1,clab-srte8-h2,192.168.1.2,1,1,5,5,5,0.0,0.078;0.078;0.076;0.052;0.043,0.043,0.065,0.078,0.014,0.076,0.078,0.078
2026-04-06T11:54:59.807,1775447699807,288,exp_static_run1,862.882,2.903,h1_to_h2,clab-srte8-h1,192.168.8.2,1,1,5,5,5,0.0,0.066;0.040;0.108;0.039;0.076,0.039,0.065,0.108,0.025,0.066,0.102,0.107
2026-04-06T11:54:59.807,1775447699807,288,exp_static_run1,862.882,2.903,h2_to_h1,clab-srte8-h2,192.168.1.2,1,1,5,5,5,0.0,0.062;0.059;0.119;0.161;0.073,0.059,0.094,0.161,0.039,0.073,0.153,0.159
2026-04-06T11:55:02.732,1775447702732,289,exp_static_run1,865.808,2.925,h1_to_h2,clab-srte8-h1,192.168.8.2,1,1,5,5,5,0.0,0.113;0.308;0.082;0.086;0.072,0.072,0.132,0.308,0.088,0.086,0.269,0.3
2026-04-06T11:55:02.732,1775447702732,289,exp_static_run1,865.808,2.925,h2_to_h1,clab-srte8-h2,192.168.1.2,1,1,5,5,5,0.0,0.120;0.100;0.249;0.068;0.068,0.068,0.121,0.249,0.067,0.1,0.223,0.244
2026-04-06T11:55:06.045,1775447706045,290,exp_static_run1,869.12,3.313,h1_to_h2,clab-srte8-h1,192.168.8.2,1,1,5,5,5,0.0,0.088;0.117;0.075;0.118;0.146,0.075,0.108,0.146,0.024,0.117,0.14,0.145
2026-04-06T11:55:06.045,1775447706045,290,exp_static_run1,869.12,3.313,h2_to_h1,clab-srte8-h2,192.168.1.2,1,1,5,5,5,0.0,0.154;0.055;0.090;0.061;0.066,0.055,0.085,0.154,0.036,0.066,0.141,0.151
2026-04-06T11:55:09.000,1775447709000,291,exp_static_run1,872.076,2.956,h1_to_h2,clab-srte8-h1,192.168.8.2,1,1,5,5,5,0.0,0.155;0.077;0.104;0.075;0.061,0.061,0.094,0.155,0.033,0.077,0.145,0.153
2026-04-06T11:55:09.000,1775447709000,291,exp_static_run1,872.076,2.956,h2_to_h1,clab-srte8-h2,192.168.1.2,1,1,5,5,5,0.0,0.119;0.629;0.070;0.441;0.168,0.07,0.285,0.629,0.214,0.168,0.591,0.621
2026-04-06T11:55:11.867,1775447711867,292,exp_static_run1,874.942,2.866,h1_to_h2,clab-srte8-h1,192.168.8.2,1,1,5,5,5,0.0,0.093;0.107;0.183;0.059;0.341,0.059,0.156,0.341,0.1,0.107,0.309,0.335
2026-04-06T11:55:11.867,1775447711867,292,exp_static_run1,874.942,2.866,h2_to_h1,clab-srte8-h2,192.168.1.2,1,1,5,5,5,0.0,0.102;0.057;0.674;0.199;0.439,0.057,0.294,0.674,0.231,0.199,0.627,0.665
2026-04-06T11:55:15.456,1775447715456,293,exp_static_run1,878.531,3.589,h1_to_h2,clab-srte8-h1,192.168.8.2,1,1,5,5,5,0.0,0.095;0.103;0.041;0.059;0.037,0.037,0.067,0.103,0.027,0.059,0.101,0.103
2026-04-06T11:55:15.456,1775447715456,293,exp_static_run1,878.531,3.589,h2_to_h1,clab-srte8-h2,192.168.1.2,1,1,5,5,5,0.0,0.162;0.053;0.040;0.044;0.038,0.038,0.067,0.162,0.047,0.044,0.14,0.158
2026-04-06T11:55:18.740,1775447718740,294,exp_static_run1,881.816,3.284,h1_to_h2,clab-srte8-h1,192.168.8.2,1,1,5,5,5,0.0,0.071;0.059;0.043;0.387;0.088,0.043,0.129,0.387,0.129,0.071,0.327,0.375
2026-04-06T11:55:18.740,1775447718740,294,exp_static_run1,881.816,3.284,h2_to_h1,clab-srte8-h2,192.168.1.2,1,1,5,5,5,0.0,0.064;0.103;0.035;0.036;0.051,0.035,0.057,0.103,0.025,0.051,0.095,0.101
2026-04-06T11:55:21.650,1775447721650,295,exp_static_run1,884.726,2.91,h1_to_h2,clab-srte8-h1,192.168.8.2,1,1,5,5,5,0.0,0.134;0.044;0.087;0.055;0.076,0.044,0.079,0.134,0.031,0.076,0.125,0.132
2026-04-06T11:55:21.650,1775447721650,295,exp_static_run1,884.726,2.91,h2_to_h1,clab-srte8-h2,192.168.1.2,1,1,5,5,5,0.0,0.069;0.041;0.069;0.091;0.060,0.041,0.066,0.091,0.016,0.069,0.087,0.09
2026-04-06T11:55:25.000,1775447725000,296,exp_static_run1,888.076,3.35,h1_to_h2,clab-srte8-h1,192.168.8.2,1,1,5,5,5,0.0,0.343;0.048;0.120;0.075;0.046,0.046,0.126,0.343,0.111,0.075,0.298,0.334
2026-04-06T11:55:25.000,1775447725000,296,exp_static_run1,888.076,3.35,h2_to_h1,clab-srte8-h2,192.168.1.2,1,1,5,5,5,0.0,0.131;0.071;0.081;0.038;0.068,0.038,0.077,0.131,0.03,0.071,0.121,0.129
2026-04-06T11:55:28.313,1775447728314,297,exp_static_run1,891.389,3.313,h1_to_h2,clab-srte8-h1,192.168.8.2,1,1,5,5,5,0.0,0.065;0.064;0.073;0.068;0.053,0.053,0.064,0.073,0.006,0.065,0.072,0.073
2026-04-06T11:55:28.313,1775447728314,297,exp_static_run1,891.389,3.313,h2_to_h1,clab-srte8-h2,192.168.1.2,1,1,5,5,5,0.0,0.072;0.077;0.063;0.099;0.059,0.059,0.074,0.099,0.014,0.072,0.095,0.098
2026-04-06T11:55:31.201,1775447731201,298,exp_static_run1,894.276,2.887,h1_to_h2,clab-srte8-h1,192.168.8.2,1,1,5,5,5,0.0,0.147;0.064;0.183;0.110;0.600,0.064,0.22,0.6,0.193,0.147,0.517,0.583
2026-04-06T11:55:31.201,1775447731201,298,exp_static_run1,894.276,2.887,h2_to_h1,clab-srte8-h2,192.168.1.2,1,1,5,5,5,0.0,0.333;0.044;0.064;0.042;0.047,0.042,0.106,0.333,0.113,0.047,0.279,0.322
2026-04-06T11:55:34.267,1775447734267,299,exp_static_run1,897.343,3.066,h1_to_h2,clab-srte8-h1,192.168.8.2,1,1,5,5,5,0.0,0.127;0.077;0.093;0.099;0.072,0.072,0.093,0.127,0.019,0.093,0.121,0.126
2026-04-06T11:55:34.267,1775447734267,299,exp_static_run1,897.343,3.066,h2_to_h1,clab-srte8-h2,192.168.1.2,1,1,5,5,5,0.0,0.086;0.608;0.069;0.066;0.077,0.066,0.181,0.608,0.213,0.077,0.504,0.587
2026-04-06T11:55:37.388,1775447737388,300,exp_static_run1,900.464,3.121,h1_to_h2,clab-srte8-h1,192.168.8.2,1,1,5,5,5,0.0,0.641;0.096;0.043;0.204;0.065,0.043,0.209,0.641,0.222,0.096,0.554,0.624
2026-04-06T11:55:37.388,1775447737388,300,exp_static_run1,900.464,3.121,h2_to_h1,clab-srte8-h2,192.168.1.2,1,1,5,5,5,0.0,0.150;0.080;0.073;0.387;0.124,0.073,0.162,0.387,0.115,0.124,0.34,0.378
2026-04-06T11:55:40.213,1775447740213,301,exp_static_run1,903.289,2.825,h1_to_h2,clab-srte8-h1,192.168.8.2,1,1,5,5,5,0.0,0.128;0.073;0.242;0.079;0.045,0.045,0.113,0.242,0.069,0.079,0.219,0.237
2026-04-06T11:55:40.213,1775447740213,301,exp_static_run1,903.289,2.825,h2_to_h1,clab-srte8-h2,192.168.1.2,1,1,5,5,5,0.0,0.086;0.071;0.286;0.079;0.443,0.071,0.193,0.443,0.148,0.086,0.412,0.437
2026-04-06T11:55:43.469,1775447743469,302,exp_static_run1,906.544,3.256,h1_to_h2,clab-srte8-h1,192.168.8.2,1,1,5,5,5,0.0,0.173;0.083;0.405;0.042;0.066,0.042,0.153,0.405,0.133,0.083,0.359,0.396
2026-04-06T11:55:43.469,1775447743469,302,exp_static_run1,906.544,3.256,h2_to_h1,clab-srte8-h2,192.168.1.2,1,1,5,5,5,0.0,0.061;0.037;0.074;0.054;0.068,0.037,0.058,0.074,0.012,0.061,0.073,0.074
2026-04-06T11:55:47.446,1775447747446,303,exp_static_run1,910.521,3.977,h1_to_h2,clab-srte8-h1,192.168.8.2,1,1,5,5,5,0.0,0.079;0.037;0.076;0.087;0.041,0.037,0.064,0.087,0.02,0.076,0.085,0.087
2026-04-06T11:55:47.446,1775447747446,303,exp_static_run1,910.521,3.977,h2_to_h1,clab-srte8-h2,192.168.1.2,1,1,5,5,5,0.0,0.050;0.115;0.049;0.392;0.050,0.049,0.131,0.392,0.132,0.05,0.337,0.381
2026-04-06T11:55:50.232,1775447750232,304,exp_static_run1,913.308,2.786,h1_to_h2,clab-srte8-h1,192.168.8.2,1,1,5,5,5,0.0,0.065;0.039;0.060;0.087;0.073,0.039,0.064,0.087,0.015,0.065,0.084,0.086
2026-04-06T11:55:50.232,1775447750232,304,exp_static_run1,913.308,2.786,h2_to_h1,clab-srte8-h2,192.168.1.2,1,1,5,5,5,0.0,0.070;0.088;0.263;0.137;0.036,0.036,0.118,0.263,0.079,0.088,0.238,0.258
2026-04-06T11:55:52.981,1775447752981,305,exp_static_run1,916.057,2.749,h1_to_h2,clab-srte8-h1,192.168.8.2,1,1,5,5,5,0.0,0.873;0.103;0.076;0.104;0.037,0.037,0.238,0.873,0.318,0.103,0.719,0.842
2026-04-06T11:55:52.981,1775447752981,305,exp_static_run1,916.057,2.749,h2_to_h1,clab-srte8-h2,192.168.1.2,1,1,5,5,5,0.0,0.085;0.104;0.077;0.042;0.038,0.038,0.069,0.104,0.025,0.077,0.1,0.103
2026-04-06T11:55:56.090,1775447756090,306,exp_static_run1,919.166,3.109,h1_to_h2,clab-srte8-h1,192.168.8.2,1,1,5,5,5,0.0,0.057;0.038;0.035;0.043;0.040,0.035,0.042,0.057,0.007,0.04,0.054,0.056
2026-04-06T11:55:56.090,1775447756090,306,exp_static_run1,919.166,3.109,h2_to_h1,clab-srte8-h2,192.168.1.2,1,1,5,5,5,0.0,0.132;0.053;0.049;0.048;0.064,0.048,0.069,0.132,0.031,0.053,0.118,0.129
2026-04-06T11:55:58.806,1775447758806,307,exp_static_run1,921.882,2.716,h1_to_h2,clab-srte8-h1,192.168.8.2,1,1,5,5,5,0.0,0.074;0.058;0.068;0.064;0.035,0.035,0.059,0.074,0.013,0.064,0.073,0.074
2026-04-06T11:55:58.806,1775447758806,307,exp_static_run1,921.882,2.716,h2_to_h1,clab-srte8-h2,192.168.1.2,1,1,5,5,5,0.0,0.065;0.036;0.074;0.035;0.166,0.035,0.075,0.166,0.047,0.065,0.148,0.162
2026-04-06T11:56:01.467,1775447761467,308,exp_static_run1,924.542,2.661,h1_to_h2,clab-srte8-h1,192.168.8.2,1,1,5,5,5,0.0,0.071;0.116;0.069;0.085;0.051,0.051,0.078,0.116,0.021,0.071,0.11,0.115
2026-04-06T11:56:01.467,1775447761467,308,exp_static_run1,924.542,2.661,h2_to_h1,clab-srte8-h2,192.168.1.2,1,1,5,5,5,0.0,0.086;0.150;0.113;0.740;0.476,0.086,0.313,0.74,0.255,0.15,0.687,0.729
2026-04-06T11:56:04.290,1775447764290,309,exp_static_run1,927.366,2.824,h1_to_h2,clab-srte8-h1,192.168.8.2,1,1,5,5,5,0.0,0.181;1.030;0.297;0.505;0.437,0.181,0.489,1.026,0.29,0.437,0.925,1.009
2026-04-06T11:56:04.290,1775447764290,309,exp_static_run1,927.366,2.824,h2_to_h1,clab-srte8-h2,192.168.1.2,1,1,5,5,5,0.0,0.391;0.074;0.080;0.068;1.350,0.068,0.393,1.354,0.495,0.08,1.158,1.312
2026-04-06T11:56:08.564,1775447768564,310,exp_static_run1,931.639,4.273,h1_to_h2,clab-srte8-h1,192.168.8.2,1,1,5,5,5,0.0,0.158;0.675;0.497;0.049;0.109,0.049,0.297,0.675,0.244,0.158,0.639,0.668
2026-04-06T11:56:08.564,1775447768564,310,exp_static_run1,931.639,4.273,h2_to_h1,clab-srte8-h2,192.168.1.2,1,1,5,5,5,0.0,0.093;0.068;0.331;0.112;0.068,0.068,0.134,0.331,0.099,0.093,0.287,0.322
2026-04-06T11:56:11.845,1775447771845,311,exp_static_run1,934.92,3.281,h1_to_h2,clab-srte8-h1,192.168.8.2,1,1,5,5,5,0.0,0.110;0.118;0.104;0.118;0.076,0.076,0.105,0.118,0.015,0.11,0.118,0.118
2026-04-06T11:56:11.845,1775447771845,311,exp_static_run1,934.92,3.281,h2_to_h1,clab-srte8-h2,192.168.1.2,1,1,5,5,5,0.0,0.134;0.055;0.097;0.069;0.069,0.055,0.084,0.134,0.028,0.069,0.127,0.133
2026-04-06T11:56:14.610,1775447774611,312,exp_static_run1,937.686,2.766,h1_to_h2,clab-srte8-h1,192.168.8.2,1,1,5,5,5,0.0,0.407;0.300;0.042;0.042;0.243,0.042,0.206,0.407,0.144,0.243,0.386,0.403
2026-04-06T11:56:14.610,1775447774611,312,exp_static_run1,937.686,2.766,h2_to_h1,clab-srte8-h2,192.168.1.2,1,1,5,5,5,0.0,0.097;0.048;0.386;0.106;0.140,0.048,0.155,0.386,0.118,0.106,0.337,0.376
2026-04-06T11:56:17.739,1775447777739,313,exp_static_run1,940.814,3.128,h1_to_h2,clab-srte8-h1,192.168.8.2,1,1,5,5,5,0.0,0.097;0.048;0.160;0.187;0.134,0.048,0.125,0.187,0.048,0.134,0.182,0.186
2026-04-06T11:56:17.739,1775447777739,313,exp_static_run1,940.814,3.128,h2_to_h1,clab-srte8-h2,192.168.1.2,1,1,5,5,5,0.0,0.084;0.117;0.049;0.053;0.053,0.049,0.071,0.117,0.026,0.053,0.11,0.116
2026-04-06T11:56:21.544,1775447781544,314,exp_static_run1,944.62,3.806,h1_to_h2,clab-srte8-h1,192.168.8.2,1,1,5,5,5,0.0,0.074;0.073;0.129;0.070;0.151,0.07,0.099,0.151,0.033,0.074,0.147,0.15
2026-04-06T11:56:21.544,1775447781544,314,exp_static_run1,944.62,3.806,h2_to_h1,clab-srte8-h2,192.168.1.2,1,1,5,5,5,0.0,0.056;0.058;0.138;0.068;0.050,0.05,0.074,0.138,0.032,0.058,0.124,0.135
2026-04-06T11:56:24.525,1775447784525,315,exp_static_run1,947.601,2.981,h1_to_h2,clab-srte8-h1,192.168.8.2,1,1,5,5,5,0.0,0.084;0.170;0.123;0.051;0.043,0.043,0.094,0.17,0.047,0.084,0.161,0.168
2026-04-06T11:56:24.525,1775447784525,315,exp_static_run1,947.601,2.981,h2_to_h1,clab-srte8-h2,192.168.1.2,1,1,5,5,5,0.0,0.096;0.067;0.080;0.116;0.043,0.043,0.08,0.116,0.024,0.08,0.112,0.115
2026-04-06T11:56:27.546,1775447787546,316,exp_static_run1,950.621,3.02,h1_to_h2,clab-srte8-h1,192.168.8.2,1,1,5,5,5,0.0,0.624;0.046;0.039;0.040;0.507,0.039,0.251,0.624,0.259,0.046,0.601,0.619
2026-04-06T11:56:27.546,1775447787546,316,exp_static_run1,950.621,3.02,h2_to_h1,clab-srte8-h2,192.168.1.2,1,1,5,5,5,0.0,0.100;0.066;0.071;0.169;0.039,0.039,0.089,0.169,0.044,0.071,0.155,0.166
2026-04-06T11:56:31.020,1775447791020,317,exp_static_run1,954.096,3.475,h1_to_h2,clab-srte8-h1,192.168.8.2,1,1,5,5,5,0.0,0.066;0.071;0.041;0.083;0.225,0.041,0.097,0.225,0.065,0.071,0.197,0.219
2026-04-06T11:56:31.020,1775447791020,317,exp_static_run1,954.096,3.475,h2_to_h1,clab-srte8-h2,192.168.1.2,1,1,5,5,5,0.0,0.046;0.047;0.070;0.052;0.200,0.046,0.083,0.2,0.059,0.052,0.174,0.195
2026-04-06T11:56:33.830,1775447793830,318,exp_static_run1,956.905,2.81,h1_to_h2,clab-srte8-h1,192.168.8.2,1,1,5,5,5,0.0,0.106;0.092;0.122;0.128;0.203,0.092,0.13,0.203,0.038,0.122,0.188,0.2
2026-04-06T11:56:33.830,1775447793830,318,exp_static_run1,956.905,2.81,h2_to_h1,clab-srte8-h2,192.168.1.2,1,1,5,5,5,0.0,0.223;0.075;0.099;0.125;0.072,0.072,0.118,0.223,0.055,0.099,0.203,0.219
2026-04-06T11:56:36.673,1775447796673,319,exp_static_run1,959.749,2.843,h1_to_h2,clab-srte8-h1,192.168.8.2,1,1,5,5,5,0.0,0.166;0.196;0.079;0.090;0.072,0.072,0.12,0.196,0.05,0.09,0.19,0.195
2026-04-06T11:56:36.673,1775447796673,319,exp_static_run1,959.749,2.843,h2_to_h1,clab-srte8-h2,192.168.1.2,1,1,5,5,5,0.0,0.113;0.070;0.045;0.063;0.096,0.045,0.077,0.113,0.024,0.07,0.11,0.112
2026-04-06T11:56:39.664,1775447799664,320,exp_static_run1,962.739,2.99,h1_to_h2,clab-srte8-h1,192.168.8.2,1,1,5,5,5,0.0,0.096;0.168;0.351;0.072;0.065,0.065,0.15,0.351,0.106,0.096,0.314,0.344
2026-04-06T11:56:39.664,1775447799664,320,exp_static_run1,962.739,2.99,h2_to_h1,clab-srte8-h2,192.168.1.2,1,1,5,5,5,0.0,0.075;0.064;0.061;0.126;0.081,0.061,0.081,0.126,0.023,0.075,0.117,0.124
2026-04-06T11:56:42.735,1775447802735,321,exp_static_run1,965.811,3.072,h1_to_h2,clab-srte8-h1,192.168.8.2,1,1,5,5,5,0.0,0.089;0.332;0.091;0.069;0.115,0.069,0.139,0.332,0.097,0.091,0.289,0.323
2026-04-06T11:56:42.735,1775447802735,321,exp_static_run1,965.811,3.072,h2_to_h1,clab-srte8-h2,192.168.1.2,1,1,5,5,5,0.0,0.175;0.062;0.085;0.351;0.070,0.062,0.148,0.351,0.108,0.085,0.316,0.344
2026-04-06T11:56:45.521,1775447805521,322,exp_static_run1,968.597,2.786,h1_to_h2,clab-srte8-h1,192.168.8.2,1,1,5,5,5,0.0,0.137;0.066;0.045;0.154;0.069,0.045,0.094,0.154,0.043,0.069,0.151,0.153
2026-04-06T11:56:45.521,1775447805521,322,exp_static_run1,968.597,2.786,h2_to_h1,clab-srte8-h2,192.168.1.2,1,1,5,5,5,0.0,0.065;0.161;0.073;0.041;0.074,0.041,0.082,0.161,0.04,0.073,0.144,0.158
2026-04-06T11:56:48.763,1775447808763,323,exp_static_run1,971.839,3.242,h1_to_h2,clab-srte8-h1,192.168.8.2,1,1,5,5,5,0.0,0.218;0.041;0.038;0.050;0.117,0.038,0.092,0.218,0.068,0.05,0.198,0.214
2026-04-06T11:56:48.763,1775447808763,323,exp_static_run1,971.839,3.242,h2_to_h1,clab-srte8-h2,192.168.1.2,1,1,5,5,5,0.0,0.058;0.039;0.040;0.102;0.041,0.039,0.056,0.102,0.024,0.041,0.093,0.1
2026-04-06T11:56:52.104,1775447812104,324,exp_static_run1,975.18,3.341,h1_to_h2,clab-srte8-h1,192.168.8.2,1,1,5,5,5,0.0,0.057;0.151;0.069;0.076;0.061,0.057,0.082,0.151,0.034,0.069,0.136,0.148
2026-04-06T11:56:52.104,1775447812104,324,exp_static_run1,975.18,3.341,h2_to_h1,clab-srte8-h2,192.168.1.2,1,1,5,5,5,0.0,0.057;0.137;0.038;0.136;0.052,0.038,0.084,0.137,0.043,0.057,0.137,0.137
2026-04-06T11:56:55.007,1775447815007,325,exp_static_run1,978.082,2.903,h1_to_h2,clab-srte8-h1,192.168.8.2,1,1,5,5,5,0.0,0.077;0.039;0.443;0.068;0.199,0.039,0.165,0.443,0.149,0.077,0.394,0.433
2026-04-06T11:56:55.007,1775447815007,325,exp_static_run1,978.082,2.903,h2_to_h1,clab-srte8-h2,192.168.1.2,1,1,5,5,5,0.0,0.150;0.119;0.380;0.039;0.101,0.039,0.157,0.38,0.116,0.119,0.334,0.371
2026-04-06T11:56:57.900,1775447817900,326,exp_static_run1,980.976,2.893,h1_to_h2,clab-srte8-h1,192.168.8.2,1,1,5,5,5,0.0,0.057;0.329;0.076;0.064;0.094,0.057,0.124,0.329,0.103,0.076,0.282,0.32
2026-04-06T11:56:57.900,1775447817900,326,exp_static_run1,980.976,2.893,h2_to_h1,clab-srte8-h2,192.168.1.2,1,1,5,5,5,0.0,0.102;0.040;0.102;0.083;0.035,0.035,0.072,0.102,0.029,0.083,0.102,0.102
2026-04-06T11:57:01.165,1775447821165,327,exp_static_run1,984.24,3.265,h1_to_h2,clab-srte8-h1,192.168.8.2,1,1,5,5,5,0.0,0.102;0.060;0.071;0.080;0.086,0.06,0.079,0.102,0.014,0.08,0.099,0.101
2026-04-06T11:57:01.165,1775447821165,327,exp_static_run1,984.24,3.265,h2_to_h1,clab-srte8-h2,192.168.1.2,1,1,5,5,5,0.0,0.058;0.089;0.227;0.130;0.071,0.058,0.115,0.227,0.061,0.089,0.208,0.223
2026-04-06T11:57:04.095,1775447824095,328,exp_static_run1,987.17,2.93,h1_to_h2,clab-srte8-h1,192.168.8.2,1,1,5,5,5,0.0,0.071;0.084;0.258;0.069;0.071,0.069,0.11,0.258,0.073,0.071,0.223,0.251
2026-04-06T11:57:04.095,1775447824095,328,exp_static_run1,987.17,2.93,h2_to_h1,clab-srte8-h2,192.168.1.2,1,1,5,5,5,0.0,0.092;0.297;0.073;0.535;0.323,0.073,0.264,0.535,0.169,0.297,0.493,0.527
2026-04-06T11:57:06.936,1775447826936,329,exp_static_run1,990.011,2.841,h1_to_h2,clab-srte8-h1,192.168.8.2,1,1,5,5,5,0.0,0.650;0.102;0.477;0.071;0.088,0.071,0.277,0.65,0.239,0.102,0.615,0.643
2026-04-06T11:57:06.936,1775447826936,329,exp_static_run1,990.011,2.841,h2_to_h1,clab-srte8-h2,192.168.1.2,1,1,5,5,5,0.0,0.097;0.416;0.092;0.282;0.097,0.092,0.196,0.416,0.131,0.097,0.389,0.411
2026-04-06T11:57:10.159,1775447830159,330,exp_static_run1,993.235,3.224,h1_to_h2,clab-srte8-h1,192.168.8.2,1,1,5,5,5,0.0,0.090;0.082;0.105;0.369;0.066,0.066,0.142,0.369,0.114,0.09,0.316,0.358
2026-04-06T11:57:10.159,1775447830159,330,exp_static_run1,993.235,3.224,h2_to_h1,clab-srte8-h2,192.168.1.2,1,1,5,5,5,0.0,0.131;0.095;0.072;0.071;0.185,0.071,0.11,0.185,0.043,0.095,0.174,0.183
2026-04-06T11:57:13.436,1775447833436,331,exp_static_run1,996.512,3.277,h1_to_h2,clab-srte8-h1,192.168.8.2,1,1,5,5,5,0.0,0.129;0.069;0.078;0.423;0.137,0.069,0.167,0.423,0.13,0.129,0.366,0.412
2026-04-06T11:57:13.436,1775447833436,331,exp_static_run1,996.512,3.277,h2_to_h1,clab-srte8-h2,192.168.1.2,1,1,5,5,5,0.0,0.108;0.102;0.161;0.062;0.091,0.062,0.104,0.161,0.032,0.102,0.15,0.159
2026-04-06T11:57:16.430,1775447836430,332,exp_static_run1,999.506,2.994,h1_to_h2,clab-srte8-h1,192.168.8.2,1,1,5,5,5,0.0,0.071;0.077;0.505;0.044;0.045,0.044,0.148,0.505,0.178,0.071,0.419,0.488
2026-04-06T11:57:16.430,1775447836430,332,exp_static_run1,999.506,2.994,h2_to_h1,clab-srte8-h2,192.168.1.2,1,1,5,5,5,0.0,0.064;0.405;0.045;0.041;0.144,0.041,0.139,0.405,0.137,0.064,0.353,0.395
2026-04-06T11:57:19.621,1775447839621,333,exp_static_run1,1002.696,3.191,h1_to_h2,clab-srte8-h1,192.168.8.2,1,1,5,5,5,0.0,0.380;0.050;0.118;0.055;0.210,0.05,0.162,0.38,0.123,0.118,0.346,0.373
2026-04-06T11:57:19.621,1775447839621,333,exp_static_run1,1002.696,3.191,h2_to_h1,clab-srte8-h2,192.168.1.2,1,1,5,5,5,0.0,0.111;0.134;0.087;0.096;0.078,0.078,0.101,0.134,0.019,0.096,0.129,0.133
2026-04-06T11:57:23.132,1775447843132,334,exp_static_run1,1006.208,3.512,h1_to_h2,clab-srte8-h1,192.168.8.2,1,1,5,5,5,0.0,0.069;0.072;0.071;0.067;0.050,0.05,0.065,0.072,0.008,0.069,0.072,0.072
2026-04-06T11:57:23.132,1775447843132,334,exp_static_run1,1006.208,3.512,h2_to_h1,clab-srte8-h2,192.168.1.2,1,1,5,5,5,0.0,0.070;0.060;0.437;0.055;0.079,0.055,0.14,0.437,0.148,0.07,0.365,0.423
2026-04-06T11:57:26.080,1775447846080,335,exp_static_run1,1009.155,2.948,h1_to_h2,clab-srte8-h1,192.168.8.2,1,1,5,5,5,0.0,0.079;0.104;0.072;0.165;0.698,0.072,0.223,0.698,0.239,0.104,0.591,0.677
2026-04-06T11:57:26.080,1775447846080,335,exp_static_run1,1009.155,2.948,h2_to_h1,clab-srte8-h2,192.168.1.2,1,1,5,5,5,0.0,0.106;0.068;0.138;0.094;0.112,0.068,0.103,0.138,0.022,0.106,0.133,0.137
2026-04-06T11:57:29.034,1775447849034,336,exp_static_run1,1012.109,2.954,h1_to_h2,clab-srte8-h1,192.168.8.2,1,1,5,5,5,0.0,0.055;0.058;0.063;0.058;0.044,0.044,0.055,0.063,0.006,0.058,0.062,0.063
2026-04-06T11:57:29.034,1775447849034,336,exp_static_run1,1012.109,2.954,h2_to_h1,clab-srte8-h2,192.168.1.2,1,1,5,5,5,0.0,0.125;0.091;0.180;0.132;0.096,0.091,0.124,0.18,0.031,0.125,0.17,0.178
2026-04-06T11:57:32.741,1775447852741,337,exp_static_run1,1015.816,3.707,h1_to_h2,clab-srte8-h1,192.168.8.2,1,1,5,5,5,0.0,0.304;0.071;0.341;0.068;0.089,0.068,0.174,0.341,0.121,0.089,0.334,0.34
2026-04-06T11:57:32.741,1775447852741,337,exp_static_run1,1015.816,3.707,h2_to_h1,clab-srte8-h2,192.168.1.2,1,1,5,5,5,0.0,0.080;0.068;0.231;0.071;0.083,0.068,0.106,0.231,0.062,0.08,0.201,0.225
2026-04-06T11:57:35.732,1775447855732,338,exp_static_run1,1018.807,2.991,h1_to_h2,clab-srte8-h1,192.168.8.2,1,1,5,5,5,0.0,0.095;0.200;0.170;0.181;0.120,0.095,0.153,0.2,0.039,0.17,0.196,0.199
2026-04-06T11:57:35.732,1775447855732,338,exp_static_run1,1018.807,2.991,h2_to_h1,clab-srte8-h2,192.168.1.2,1,1,5,5,5,0.0,0.133;0.579;0.078;0.086;0.335,0.078,0.242,0.579,0.192,0.133,0.53,0.569
2026-04-06T11:57:38.532,1775447858532,339,exp_static_run1,1021.608,2.8,h1_to_h2,clab-srte8-h1,192.168.8.2,1,1,5,5,5,0.0,0.163;0.413;0.070;0.125;0.159,0.07,0.186,0.413,0.118,0.159,0.363,0.403
2026-04-06T11:57:38.532,1775447858532,339,exp_static_run1,1021.608,2.8,h2_to_h1,clab-srte8-h2,192.168.1.2,1,1,5,5,5,0.0,0.072;0.255;0.064;0.089;1.990,0.064,0.493,1.986,0.749,0.089,1.643,1.921
2026-04-06T11:57:41.695,1775447861695,340,exp_static_run1,1024.771,3.163,h1_to_h2,clab-srte8-h1,192.168.8.2,1,1,5,5,5,0.0,0.108;0.110;0.091;0.203;0.068,0.068,0.116,0.203,0.046,0.108,0.184,0.199
2026-04-06T11:57:41.695,1775447861695,340,exp_static_run1,1024.771,3.163,h2_to_h1,clab-srte8-h2,192.168.1.2,1,1,5,5,5,0.0,0.083;0.069;0.066;0.069;0.088,0.066,0.075,0.088,0.008,0.069,0.087,0.088
2026-04-06T11:57:44.661,1775447864661,341,exp_static_run1,1027.736,2.966,h1_to_h2,clab-srte8-h1,192.168.8.2,1,1,5,5,5,0.0,0.084;0.040;0.106;0.036;0.071,0.036,0.067,0.106,0.026,0.071,0.102,0.105
2026-04-06T11:57:44.661,1775447864661,341,exp_static_run1,1027.736,2.966,h2_to_h1,clab-srte8-h2,192.168.1.2,1,1,5,5,5,0.0,0.044;0.050;0.190;0.072;0.108,0.044,0.092,0.19,0.053,0.072,0.174,0.187
2026-04-06T11:57:47.441,1775447867441,342,exp_static_run1,1030.517,2.78,h1_to_h2,clab-srte8-h1,192.168.8.2,1,1,5,5,5,0.0,0.181;0.054;0.097;0.197;0.074,0.054,0.12,0.197,0.057,0.097,0.194,0.196
2026-04-06T11:57:47.441,1775447867441,342,exp_static_run1,1030.517,2.78,h2_to_h1,clab-srte8-h2,192.168.1.2,1,1,5,5,5,0.0,0.083;0.045;0.338;0.171;0.043,0.043,0.136,0.338,0.111,0.083,0.305,0.331
2026-04-06T11:57:50.734,1775447870734,343,exp_static_run1,1033.81,3.293,h1_to_h2,clab-srte8-h1,192.168.8.2,1,1,5,5,5,0.0,0.100;0.099;0.105;0.091;0.086,0.086,0.096,0.105,0.006,0.099,0.104,0.105
2026-04-06T11:57:50.734,1775447870734,343,exp_static_run1,1033.81,3.293,h2_to_h1,clab-srte8-h2,192.168.1.2,1,1,5,5,5,0.0,0.141;0.051;0.074;0.087;0.047,0.047,0.08,0.141,0.033,0.074,0.13,0.139
2026-04-06T11:57:54.267,1775447874267,344,exp_static_run1,1037.342,3.533,h1_to_h2,clab-srte8-h1,192.168.8.2,1,1,5,5,5,0.0,0.062;0.165;0.098;0.039;0.091,0.039,0.091,0.165,0.042,0.091,0.152,0.162
2026-04-06T11:57:54.267,1775447874267,344,exp_static_run1,1037.342,3.533,h2_to_h1,clab-srte8-h2,192.168.1.2,1,1,5,5,5,0.0,0.133;0.048;0.064;0.065;0.038,0.038,0.069,0.133,0.033,0.064,0.119,0.13
2026-04-06T11:57:57.162,1775447877162,345,exp_static_run1,1040.238,2.895,h1_to_h2,clab-srte8-h1,192.168.8.2,1,1,5,5,5,0.0,0.108;0.054;0.049;0.045;0.081,0.045,0.067,0.108,0.023,0.054,0.103,0.107
2026-04-06T11:57:57.162,1775447877162,345,exp_static_run1,1040.238,2.895,h2_to_h1,clab-srte8-h2,192.168.1.2,1,1,5,5,5,0.0,0.126;0.195;0.046;0.089;0.074,0.046,0.106,0.195,0.051,0.089,0.181,0.192
2026-04-06T11:58:00.489,1775447880489,346,exp_static_run1,1043.565,3.327,h1_to_h2,clab-srte8-h1,192.168.8.2,1,1,5,5,5,0.0,0.063;0.581;0.230;0.064;0.072,0.063,0.202,0.581,0.199,0.072,0.511,0.567
2026-04-06T11:58:00.489,1775447880489,346,exp_static_run1,1043.565,3.327,h2_to_h1,clab-srte8-h2,192.168.1.2,1,1,5,5,5,0.0,0.053;0.079;0.045;0.042;0.045,0.042,0.052,0.079,0.013,0.045,0.074,0.078
2026-04-06T11:58:03.751,1775447883751,347,exp_static_run1,1046.826,3.262,h1_to_h2,clab-srte8-h1,192.168.8.2,1,1,5,5,5,0.0,0.082;0.121;0.069;0.070;0.093,0.069,0.087,0.121,0.019,0.082,0.115,0.12
2026-04-06T11:58:03.751,1775447883751,347,exp_static_run1,1046.826,3.262,h2_to_h1,clab-srte8-h2,192.168.1.2,1,1,5,5,5,0.0,0.092;0.068;0.147;0.072;0.072,0.068,0.09,0.147,0.029,0.072,0.136,0.145
2026-04-06T11:58:06.620,1775447886620,348,exp_static_run1,1049.695,2.869,h1_to_h2,clab-srte8-h1,192.168.8.2,1,1,5,5,5,0.0,0.081;0.068;0.065;0.108;0.123,0.065,0.089,0.123,0.022,0.081,0.12,0.122
2026-04-06T11:58:06.620,1775447886620,348,exp_static_run1,1049.695,2.869,h2_to_h1,clab-srte8-h2,192.168.1.2,1,1,5,5,5,0.0,0.086;0.332;0.129;0.232;0.070,0.07,0.169,0.332,0.098,0.129,0.312,0.328
2026-04-06T11:58:09.442,1775447889442,349,exp_static_run1,1052.518,2.823,h1_to_h2,clab-srte8-h1,192.168.8.2,1,1,5,5,5,0.0,0.084;0.070;0.114;0.109;0.131,0.07,0.101,0.131,0.021,0.109,0.128,0.13
2026-04-06T11:58:09.442,1775447889442,349,exp_static_run1,1052.518,2.823,h2_to_h1,clab-srte8-h2,192.168.1.2,1,1,5,5,5,0.0,0.209;0.144;0.078;0.078;0.087,0.078,0.119,0.209,0.051,0.087,0.196,0.206
2026-04-06T11:58:12.548,1775447892548,350,exp_static_run1,1055.624,3.106,h1_to_h2,clab-srte8-h1,192.168.8.2,1,1,5,5,5,0.0,0.101;0.082;0.208;0.109;0.239,0.082,0.147,0.239,0.063,0.109,0.233,0.238
2026-04-06T11:58:12.548,1775447892548,350,exp_static_run1,1055.624,3.106,h2_to_h1,clab-srte8-h2,192.168.1.2,1,1,5,5,5,0.0,0.158;0.043;0.070;0.086;0.096,0.043,0.09,0.158,0.038,0.086,0.146,0.156
2026-04-06T11:58:15.581,1775447895581,351,exp_static_run1,1058.657,3.033,h1_to_h2,clab-srte8-h1,192.168.8.2,1,1,5,5,5,0.0,0.155;0.045;0.045;0.368;0.300,0.045,0.182,0.368,0.131,0.155,0.354,0.365
2026-04-06T11:58:15.581,1775447895581,351,exp_static_run1,1058.657,3.033,h2_to_h1,clab-srte8-h2,192.168.1.2,1,1,5,5,5,0.0,0.061;0.042;0.049;0.067;0.066,0.042,0.057,0.067,0.009,0.061,0.067,0.067
2026-04-06T11:58:18.536,1775447898536,352,exp_static_run1,1061.611,2.955,h1_to_h2,clab-srte8-h1,192.168.8.2,1,1,5,5,5,0.0,1.200;0.041;0.051;0.074;0.044,0.041,0.282,1.2,0.459,0.051,0.975,1.155
2026-04-06T11:58:18.536,1775447898536,352,exp_static_run1,1061.611,2.955,h2_to_h1,clab-srte8-h2,192.168.1.2,1,1,5,5,5,0.0,0.071;0.248;0.068;0.064;0.087,0.064,0.107,0.248,0.07,0.071,0.216,0.242
2026-04-06T11:58:21.679,1775447901679,353,exp_static_run1,1064.755,3.143,h1_to_h2,clab-srte8-h1,192.168.8.2,1,1,5,5,5,0.0,0.138;0.053;0.137;0.058;0.056,0.053,0.088,0.138,0.04,0.058,0.138,0.138
2026-04-06T11:58:21.679,1775447901679,353,exp_static_run1,1064.755,3.143,h2_to_h1,clab-srte8-h2,192.168.1.2,1,1,5,5,5,0.0,0.055;0.129;0.046;0.039;0.142,0.039,0.082,0.142,0.044,0.055,0.139,0.141
2026-04-06T11:58:25.168,1775447905168,354,exp_static_run1,1068.243,3.489,h1_to_h2,clab-srte8-h1,192.168.8.2,1,1,5,5,5,0.0,0.078;0.186;0.149;0.100;0.085,0.078,0.119,0.186,0.041,0.1,0.179,0.185
2026-04-06T11:58:25.168,1775447905168,354,exp_static_run1,1068.243,3.489,h2_to_h1,clab-srte8-h2,192.168.1.2,1,1,5,5,5,0.0,0.166;0.039;0.040;0.069;0.378,0.039,0.138,0.378,0.128,0.069,0.336,0.37
2026-04-06T11:58:28.170,1775447908170,355,exp_static_run1,1071.246,3.002,h1_to_h2,clab-srte8-h1,192.168.8.2,1,1,5,5,5,0.0,0.568;0.241;0.062;0.373;0.090,0.062,0.266,0.568,0.187,0.241,0.529,0.56
2026-04-06T11:58:28.170,1775447908170,355,exp_static_run1,1071.246,3.002,h2_to_h1,clab-srte8-h2,192.168.1.2,1,1,5,5,5,0.0,0.122;0.209;0.221;0.109;0.059,0.059,0.144,0.221,0.061,0.122,0.219,0.221
2026-04-06T11:58:31.549,1775447911549,356,exp_static_run1,1074.625,3.379,h1_to_h2,clab-srte8-h1,192.168.8.2,1,1,5,5,5,0.0,0.148;0.077;0.068;0.067;0.378,0.067,0.147,0.378,0.119,0.077,0.332,0.369
2026-04-06T11:58:31.549,1775447911549,356,exp_static_run1,1074.625,3.379,h2_to_h1,clab-srte8-h2,192.168.1.2,1,1,5,5,5,0.0,0.096;0.040;0.072;0.075;0.080,0.04,0.072,0.096,0.018,0.075,0.093,0.095
2026-04-06T11:58:34.948,1775447914948,357,exp_static_run1,1078.024,3.399,h1_to_h2,clab-srte8-h1,192.168.8.2,1,1,5,5,5,0.0,0.496;0.069;0.060;0.076;0.068,0.06,0.153,0.496,0.171,0.069,0.412,0.479
2026-04-06T11:58:34.948,1775447914948,357,exp_static_run1,1078.024,3.399,h2_to_h1,clab-srte8-h2,192.168.1.2,1,1,5,5,5,0.0,0.124;0.083;0.105;0.339;0.091,0.083,0.148,0.339,0.096,0.105,0.296,0.33
2026-04-06T11:58:37.749,1775447917749,358,exp_static_run1,1080.824,2.801,h1_to_h2,clab-srte8-h1,192.168.8.2,1,1,5,5,5,0.0,0.168;0.104;0.377;0.080;0.068,0.068,0.159,0.377,0.114,0.104,0.335,0.369
2026-04-06T11:58:37.749,1775447917749,358,exp_static_run1,1080.824,2.801,h2_to_h1,clab-srte8-h2,192.168.1.2,1,1,5,5,5,0.0,0.078;0.097;0.465;0.243;0.116,0.078,0.199,0.465,0.144,0.116,0.421,0.456
2026-04-06T11:58:40.633,1775447920633,359,exp_static_run1,1083.709,2.884,h1_to_h2,clab-srte8-h1,192.168.8.2,1,1,5,5,5,0.0,0.144;0.075;0.140;2.300;0.097,0.075,0.55,2.298,0.873,0.14,1.869,2.214
2026-04-06T11:58:40.633,1775447920633,359,exp_static_run1,1083.709,2.884,h2_to_h1,clab-srte8-h2,192.168.1.2,1,1,5,5,5,0.0,0.375;0.055;0.106;0.064;0.073,0.055,0.134,0.375,0.121,0.073,0.321,0.364
2026-04-06T11:58:43.977,1775447923977,360,exp_static_run1,1087.053,3.344,h1_to_h2,clab-srte8-h1,192.168.8.2,1,1,5,5,5,0.0,0.081;0.073;0.114;0.197;0.047,0.047,0.102,0.197,0.051,0.081,0.18,0.194
2026-04-06T11:58:43.977,1775447923977,360,exp_static_run1,1087.053,3.344,h2_to_h1,clab-srte8-h2,192.168.1.2,1,1,5,5,5,0.0,0.138;0.048;0.118;0.042;0.162,0.042,0.101,0.162,0.048,0.118,0.157,0.161
2026-04-06T11:58:46.837,1775447926837,361,exp_static_run1,1089.913,2.86,h1_to_h2,clab-srte8-h1,192.168.8.2,1,1,5,5,5,0.0,0.076;0.150;0.079;0.109;0.311,0.076,0.145,0.311,0.087,0.109,0.279,0.305
2026-04-06T11:58:46.837,1775447926837,361,exp_static_run1,1089.913,2.86,h2_to_h1,clab-srte8-h2,192.168.1.2,1,1,5,5,5,0.0,0.169;0.048;0.109;0.066;0.068,0.048,0.092,0.169,0.043,0.068,0.157,0.167
2026-04-06T11:58:49.826,1775447929826,362,exp_static_run1,1092.901,2.988,h1_to_h2,clab-srte8-h1,192.168.8.2,1,1,5,5,5,0.0,0.631;0.077;0.103;0.303;0.041,0.041,0.231,0.631,0.219,0.103,0.565,0.618
2026-04-06T11:58:49.826,1775447929826,362,exp_static_run1,1092.901,2.988,h2_to_h1,clab-srte8-h2,192.168.1.2,1,1,5,5,5,0.0,0.077;0.103;0.203;0.083;0.104,0.077,0.114,0.203,0.045,0.103,0.183,0.199
2026-04-06T11:58:53.210,1775447933210,363,exp_static_run1,1096.285,3.384,h1_to_h2,clab-srte8-h1,192.168.8.2,1,1,5,5,5,0.0,0.495;0.472;0.071;0.155;0.040,0.04,0.246,0.495,0.197,0.155,0.49,0.494
2026-04-06T11:58:53.210,1775447933210,363,exp_static_run1,1096.285,3.384,h2_to_h1,clab-srte8-h2,192.168.1.2,1,1,5,5,5,0.0,0.064;0.039;0.073;0.038;0.079,0.038,0.058,0.079,0.017,0.064,0.078,0.079
2026-04-06T11:58:56.281,1775447936281,364,exp_static_run1,1099.356,3.071,h1_to_h2,clab-srte8-h1,192.168.8.2,1,1,5,5,5,0.0,0.127;0.492;0.044;0.038;0.194,0.038,0.179,0.492,0.166,0.127,0.432,0.48
2026-04-06T11:58:56.281,1775447936281,364,exp_static_run1,1099.356,3.071,h2_to_h1,clab-srte8-h2,192.168.1.2,1,1,5,5,5,0.0,0.136;0.085;0.074;0.068;0.068,0.068,0.086,0.136,0.025,0.074,0.126,0.134
2026-04-06T11:58:59.182,1775447939182,365,exp_static_run1,1102.257,2.901,h1_to_h2,clab-srte8-h1,192.168.8.2,1,1,5,5,5,0.0,0.075;0.036;0.090;0.035;0.038,0.035,0.054,0.09,0.023,0.038,0.087,0.089
2026-04-06T11:58:59.182,1775447939182,365,exp_static_run1,1102.257,2.901,h2_to_h1,clab-srte8-h2,192.168.1.2,1,1,5,5,5,0.0,0.112;0.040;0.255;0.037;0.436,0.037,0.176,0.436,0.152,0.112,0.4,0.429
2026-04-06T11:59:02.021,1775447942021,366,exp_static_run1,1105.096,2.839,h1_to_h2,clab-srte8-h1,192.168.8.2,1,1,5,5,5,0.0,0.085;0.174;0.074;0.091;0.072,0.072,0.099,0.174,0.038,0.085,0.157,0.171
2026-04-06T11:59:02.021,1775447942021,366,exp_static_run1,1105.096,2.839,h2_to_h1,clab-srte8-h2,192.168.1.2,1,1,5,5,5,0.0,0.080;0.069;0.105;0.345;0.067,0.067,0.133,0.345,0.106,0.08,0.297,0.335
2026-04-06T11:59:05.531,1775447945531,367,exp_static_run1,1108.607,3.51,h1_to_h2,clab-srte8-h1,192.168.8.2,1,1,5,5,5,0.0,0.091;0.071;0.531;0.092;0.094,0.071,0.175,0.531,0.177,0.092,0.444,0.514
2026-04-06T11:59:05.531,1775447945531,367,exp_static_run1,1108.607,3.51,h2_to_h1,clab-srte8-h2,192.168.1.2,1,1,5,5,5,0.0,0.129;0.069;0.067;0.461;0.043,0.043,0.153,0.461,0.156,0.069,0.395,0.448
2026-04-06T11:59:08.334,1775447948334,368,exp_static_run1,1111.41,2.803,h1_to_h2,clab-srte8-h1,192.168.8.2,1,1,5,5,5,0.0,0.196;0.068;0.071;0.112;0.769,0.068,0.243,0.769,0.266,0.112,0.654,0.746
2026-04-06T11:59:08.334,1775447948334,368,exp_static_run1,1111.41,2.803,h2_to_h1,clab-srte8-h2,192.168.1.2,1,1,5,5,5,0.0,0.823;0.270;0.069;0.352;0.281,0.069,0.359,0.823,0.25,0.281,0.729,0.804
2026-04-06T11:59:11.198,1775447951198,369,exp_static_run1,1114.274,2.864,h1_to_h2,clab-srte8-h1,192.168.8.2,1,1,5,5,5,0.0,0.152;0.068;0.102;0.125;0.062,0.062,0.101,0.152,0.034,0.102,0.147,0.151
2026-04-06T11:59:11.198,1775447951198,369,exp_static_run1,1114.274,2.864,h2_to_h1,clab-srte8-h2,192.168.1.2,1,1,5,5,5,0.0,0.140;0.068;0.072;0.065;0.068,0.065,0.082,0.14,0.028,0.068,0.126,0.137
2026-04-06T11:59:14.462,1775447954462,370,exp_static_run1,1117.538,3.264,h1_to_h2,clab-srte8-h1,192.168.8.2,1,1,5,5,5,0.0,0.059;0.048;0.118;0.102;0.038,0.038,0.073,0.118,0.031,0.059,0.115,0.117
2026-04-06T11:59:14.462,1775447954462,370,exp_static_run1,1117.538,3.264,h2_to_h1,clab-srte8-h2,192.168.1.2,1,1,5,5,5,0.0,0.132;0.045;0.057;0.084;0.146,0.045,0.092,0.146,0.04,0.084,0.143,0.145
2026-04-06T11:59:17.275,1775447957275,371,exp_static_run1,1120.351,2.813,h1_to_h2,clab-srte8-h1,192.168.8.2,1,1,5,5,5,0.0,0.368;0.041;0.068;0.070;0.226,0.041,0.154,0.368,0.125,0.07,0.34,0.362
2026-04-06T11:59:17.275,1775447957275,371,exp_static_run1,1120.351,2.813,h2_to_h1,clab-srte8-h2,192.168.1.2,1,1,5,5,5,0.0,0.057;0.449;0.071;0.102;0.085,0.057,0.152,0.449,0.148,0.085,0.38,0.435
2026-04-06T11:59:20.202,1775447960202,372,exp_static_run1,1123.278,2.927,h1_to_h2,clab-srte8-h1,192.168.8.2,1,1,5,5,5,0.0,0.128;0.102;0.063;0.221;0.043,0.043,0.111,0.221,0.062,0.102,0.202,0.217
2026-04-06T11:59:20.202,1775447960202,372,exp_static_run1,1123.278,2.927,h2_to_h1,clab-srte8-h2,192.168.1.2,1,1,5,5,5,0.0,0.139;0.143;0.074;0.112;0.141,0.074,0.121,0.143,0.026,0.139,0.143,0.143
2026-04-06T11:59:23.544,1775447963544,373,exp_static_run1,1126.62,3.342,h1_to_h2,clab-srte8-h1,192.168.8.2,1,1,5,5,5,0.0,0.062;0.038;0.284;0.167;0.041,0.038,0.118,0.284,0.095,0.062,0.261,0.279
2026-04-06T11:59:23.544,1775447963544,373,exp_static_run1,1126.62,3.342,h2_to_h1,clab-srte8-h2,192.168.1.2,1,1,5,5,5,0.0,0.094;0.078;0.054;0.143;0.036,0.036,0.081,0.143,0.036,0.078,0.133,0.141
2026-04-06T11:59:26.849,1775447966849,374,exp_static_run1,1129.924,3.305,h1_to_h2,clab-srte8-h1,192.168.8.2,1,1,5,5,5,0.0,0.062;0.038;0.070;0.039;0.121,0.038,0.066,0.121,0.03,0.062,0.111,0.119
2026-04-06T11:59:26.849,1775447966849,374,exp_static_run1,1129.924,3.305,h2_to_h1,clab-srte8-h2,192.168.1.2,1,1,5,5,5,0.0,0.074;0.067;0.102;0.074;0.203,0.067,0.104,0.203,0.05,0.074,0.183,0.199
2026-04-06T11:59:29.779,1775447969780,375,exp_static_run1,1132.855,2.931,h1_to_h2,clab-srte8-h1,192.168.8.2,1,1,5,5,5,0.0,0.068;0.062;0.042;0.087;0.101,0.042,0.072,0.101,0.02,0.068,0.098,0.1
2026-04-06T11:59:29.779,1775447969780,375,exp_static_run1,1132.855,2.931,h2_to_h1,clab-srte8-h2,192.168.1.2,1,1,5,5,5,0.0,0.165;0.061;0.042;0.082;0.387,0.042,0.147,0.387,0.126,0.082,0.343,0.378
2026-04-06T11:59:33.182,1775447973182,376,exp_static_run1,1136.258,3.403,h1_to_h2,clab-srte8-h1,192.168.8.2,1,1,5,5,5,0.0,0.300;0.051;0.072;0.068;0.065,0.051,0.111,0.3,0.094,0.068,0.254,0.291
2026-04-06T11:59:33.182,1775447973182,376,exp_static_run1,1136.258,3.403,h2_to_h1,clab-srte8-h2,192.168.1.2,1,1,5,5,5,0.0,0.516;0.077;0.048;0.086;0.377,0.048,0.22,0.516,0.189,0.086,0.488,0.51
2026-04-06T11:59:36.336,1775447976336,377,exp_static_run1,1139.412,3.154,h1_to_h2,clab-srte8-h1,192.168.8.2,1,1,5,5,5,0.0,0.089;0.301;0.144;0.067;0.175,0.067,0.155,0.301,0.082,0.144,0.276,0.296
2026-04-06T11:59:36.336,1775447976336,377,exp_static_run1,1139.412,3.154,h2_to_h1,clab-srte8-h2,192.168.1.2,1,1,5,5,5,0.0,0.165;0.069;0.088;0.220;0.238,0.069,0.156,0.238,0.067,0.165,0.234,0.237
2026-04-06T11:59:39.179,1775447979179,378,exp_static_run1,1142.254,2.843,h1_to_h2,clab-srte8-h1,192.168.8.2,1,1,5,5,5,0.0,0.112;0.117;0.087;0.070;0.070,0.07,0.091,0.117,0.02,0.087,0.116,0.117
2026-04-06T11:59:39.179,1775447979179,378,exp_static_run1,1142.254,2.843,h2_to_h1,clab-srte8-h2,192.168.1.2,1,1,5,5,5,0.0,0.185;0.068;0.070;0.066;0.366,0.066,0.151,0.366,0.116,0.07,0.33,0.359
2026-04-06T11:59:42.107,1775447982107,379,exp_static_run1,1145.182,2.928,h1_to_h2,clab-srte8-h1,192.168.8.2,1,1,5,5,5,0.0,0.143;0.048;0.393;0.445;0.150,0.048,0.235,0.445,0.154,0.15,0.435,0.443
2026-04-06T11:59:42.107,1775447982107,379,exp_static_run1,1145.182,2.928,h2_to_h1,clab-srte8-h2,192.168.1.2,1,1,5,5,5,0.0,0.119;0.425;0.608;0.050;0.088,0.05,0.258,0.608,0.219,0.119,0.571,0.601
2026-04-06T11:59:45.145,1775447985145,380,exp_static_run1,1148.221,3.038,h1_to_h2,clab-srte8-h1,192.168.8.2,1,1,5,5,5,0.0,0.110;0.116;0.184;0.241;0.055,0.055,0.141,0.241,0.064,0.116,0.23,0.239
2026-04-06T11:59:45.145,1775447985145,380,exp_static_run1,1148.221,3.038,h2_to_h1,clab-srte8-h2,192.168.1.2,1,1,5,5,5,0.0,0.076;0.065;0.056;0.036;0.042,0.036,0.055,0.076,0.014,0.056,0.074,0.076
2026-04-06T11:59:48.005,1775447988005,381,exp_static_run1,1151.081,2.86,h1_to_h2,clab-srte8-h1,192.168.8.2,1,1,5,5,5,0.0,0.089;0.106;0.055;0.090;0.070,0.055,0.082,0.106,0.017,0.089,0.103,0.105
2026-04-06T11:59:48.005,1775447988005,381,exp_static_run1,1151.081,2.86,h2_to_h1,clab-srte8-h2,192.168.1.2,1,1,5,5,5,0.0,0.101;0.081;0.103;0.057;0.144,0.057,0.097,0.144,0.028,0.101,0.136,0.142
2026-04-06T11:59:51.008,1775447991008,382,exp_static_run1,1154.084,3.003,h1_to_h2,clab-srte8-h1,192.168.8.2,1,1,5,5,5,0.0,0.081;0.092;0.237;0.183;0.043,0.043,0.127,0.237,0.071,0.092,0.226,0.235
2026-04-06T11:59:51.008,1775447991008,382,exp_static_run1,1154.084,3.003,h2_to_h1,clab-srte8-h2,192.168.1.2,1,1,5,5,5,0.0,0.081;0.100;0.039;0.648;0.096,0.039,0.192,0.648,0.228,0.096,0.538,0.626
2026-04-06T11:59:54.172,1775447994172,383,exp_static_run1,1157.247,3.164,h1_to_h2,clab-srte8-h1,192.168.8.2,1,1,5,5,5,0.0,0.082;0.069;0.104;0.056;0.269,0.056,0.116,0.269,0.078,0.082,0.236,0.262
2026-04-06T11:59:54.172,1775447994172,383,exp_static_run1,1157.247,3.164,h2_to_h1,clab-srte8-h2,192.168.1.2,1,1,5,5,5,0.0,0.071;0.035;0.075;0.058;0.069,0.035,0.061,0.075,0.014,0.069,0.074,0.075
2026-04-06T11:59:57.326,1775447997326,384,exp_static_run1,1160.402,3.154,h1_to_h2,clab-srte8-h1,192.168.8.2,1,1,5,5,5,0.0,0.050;0.040;0.044;0.046;0.152,0.04,0.066,0.152,0.042,0.046,0.132,0.148
2026-04-06T11:59:57.326,1775447997326,384,exp_static_run1,1160.402,3.154,h2_to_h1,clab-srte8-h2,192.168.1.2,1,1,5,5,5,0.0,0.054;0.070;0.091;0.231;0.064,0.054,0.102,0.231,0.065,0.07,0.203,0.225
2026-04-06T12:00:00.189,1775448000189,385,exp_static_run1,1163.264,2.863,h1_to_h2,clab-srte8-h1,192.168.8.2,1,1,5,5,5,0.0,0.231;0.101;0.471;0.075;0.127,0.075,0.201,0.471,0.145,0.127,0.423,0.461
2026-04-06T12:00:00.189,1775448000189,385,exp_static_run1,1163.264,2.863,h2_to_h1,clab-srte8-h2,192.168.1.2,1,1,5,5,5,0.0,0.164;0.063;0.072;0.218;0.067,0.063,0.116,0.218,0.063,0.072,0.207,0.216
2026-04-06T12:00:03.607,1775448003607,386,exp_static_run1,1166.682,3.418,h1_to_h2,clab-srte8-h1,192.168.8.2,1,1,5,5,5,0.0,0.104;0.041;0.068;0.075;0.108,0.041,0.079,0.108,0.024,0.075,0.107,0.108
2026-04-06T12:00:03.607,1775448003607,386,exp_static_run1,1166.682,3.418,h2_to_h1,clab-srte8-h2,192.168.1.2,1,1,5,5,5,0.0,0.101;0.091;0.677;0.039;0.102,0.039,0.202,0.677,0.238,0.101,0.562,0.654
2026-04-06T12:00:06.904,1775448006904,387,exp_static_run1,1169.979,3.297,h1_to_h2,clab-srte8-h1,192.168.8.2,1,1,5,5,5,0.0,0.077;0.093;0.260;0.115;0.134,0.077,0.135,0.26,0.065,0.115,0.235,0.255
2026-04-06T12:00:06.904,1775448006904,387,exp_static_run1,1169.979,3.297,h2_to_h1,clab-srte8-h2,192.168.1.2,1,1,5,5,5,0.0,0.215;0.038;0.102;0.122;0.066,0.038,0.108,0.215,0.06,0.102,0.196,0.211
2026-04-06T12:00:09.649,1775448009649,388,exp_static_run1,1172.725,2.745,h1_to_h2,clab-srte8-h1,192.168.8.2,1,1,5,5,5,0.0,0.125;0.061;0.066;0.292;0.148,0.061,0.138,0.292,0.083,0.125,0.263,0.286
2026-04-06T12:00:09.649,1775448009649,388,exp_static_run1,1172.725,2.745,h2_to_h1,clab-srte8-h2,192.168.1.2,1,1,5,5,5,0.0,0.197;0.111;0.394;0.104;0.064,0.064,0.174,0.394,0.118,0.111,0.355,0.386
2026-04-06T12:00:12.459,1775448012459,389,exp_static_run1,1175.534,2.81,h1_to_h2,clab-srte8-h1,192.168.8.2,1,1,5,5,5,0.0,0.250;0.093;0.090;0.097;0.066,0.066,0.119,0.25,0.066,0.093,0.219,0.244
2026-04-06T12:00:12.459,1775448012459,389,exp_static_run1,1175.534,2.81,h2_to_h1,clab-srte8-h2,192.168.1.2,1,1,5,5,5,0.0,0.100;0.094;0.069;0.046;0.057,0.046,0.073,0.1,0.02,0.069,0.099,0.1
2026-04-06T12:00:15.666,1775448015666,390,exp_static_run1,1178.742,3.208,h1_to_h2,clab-srte8-h1,192.168.8.2,1,1,5,5,5,0.0,0.079;0.068;0.114;0.076;0.073,0.068,0.082,0.114,0.016,0.076,0.107,0.113
2026-04-06T12:00:15.666,1775448015666,390,exp_static_run1,1178.742,3.208,h2_to_h1,clab-srte8-h2,192.168.1.2,1,1,5,5,5,0.0,0.050;0.055;0.097;0.040;0.068,0.04,0.062,0.097,0.019,0.055,0.091,0.096
2026-04-06T12:00:18.559,1775448018559,391,exp_static_run1,1181.634,2.893,h1_to_h2,clab-srte8-h1,192.168.8.2,1,1,5,5,5,0.0,0.087;0.057;0.126;0.037;0.137,0.037,0.088,0.137,0.038,0.087,0.135,0.137
2026-04-06T12:00:18.559,1775448018559,391,exp_static_run1,1181.634,2.893,h2_to_h1,clab-srte8-h2,192.168.1.2,1,1,5,5,5,0.0,0.066;0.042;0.205;0.050;0.069,0.042,0.086,0.205,0.06,0.066,0.178,0.2
2026-04-06T12:00:21.446,1775448021446,392,exp_static_run1,1184.521,2.887,h1_to_h2,clab-srte8-h1,192.168.8.2,1,1,5,5,5,0.0,0.051;0.112;0.362;0.046;0.149,0.046,0.144,0.362,0.115,0.112,0.319,0.353
2026-04-06T12:00:21.446,1775448021446,392,exp_static_run1,1184.521,2.887,h2_to_h1,clab-srte8-h2,192.168.1.2,1,1,5,5,5,0.0,0.398;0.047;0.192;0.090;0.044,0.044,0.154,0.398,0.133,0.09,0.357,0.39
2026-04-06T12:00:24.526,1775448024526,393,exp_static_run1,1187.602,3.08,h1_to_h2,clab-srte8-h1,192.168.8.2,1,1,5,5,5,0.0,0.075;0.052;0.146;0.196;0.074,0.052,0.108,0.196,0.053,0.075,0.186,0.194
2026-04-06T12:00:24.526,1775448024526,393,exp_static_run1,1187.602,3.08,h2_to_h1,clab-srte8-h2,192.168.1.2,1,1,5,5,5,0.0,0.052;0.036;0.072;0.169;0.069,0.036,0.079,0.169,0.046,0.069,0.15,0.165
2026-04-06T12:00:27.489,1775448027489,394,exp_static_run1,1190.564,2.963,h1_to_h2,clab-srte8-h1,192.168.8.2,1,1,5,5,5,0.0,0.083;0.445;0.038;0.086;0.079,0.038,0.146,0.445,0.15,0.083,0.373,0.431
2026-04-06T12:00:27.489,1775448027489,394,exp_static_run1,1190.564,2.963,h2_to_h1,clab-srte8-h2,192.168.1.2,1,1,5,5,5,0.0,0.109;0.232;0.038;0.074;0.040,0.038,0.098,0.232,0.071,0.074,0.207,0.227
2026-04-06T12:00:30.463,1775448030463,395,exp_static_run1,1193.539,2.974,h1_to_h2,clab-srte8-h1,192.168.8.2,1,1,5,5,5,0.0,0.135;0.119;0.042;0.070;0.071,0.042,0.087,0.135,0.034,0.071,0.132,0.134
2026-04-06T12:00:30.463,1775448030463,395,exp_static_run1,1193.539,2.974,h2_to_h1,clab-srte8-h2,192.168.1.2,1,1,5,5,5,0.0,0.057;0.057;0.041;0.258;0.050,0.041,0.092,0.258,0.082,0.057,0.218,0.25
2026-04-06T12:00:33.450,1775448033450,396,exp_static_run1,1196.526,2.987,h1_to_h2,clab-srte8-h1,192.168.8.2,1,1,5,5,5,0.0,0.149;0.428;0.143;0.272;0.069,0.069,0.212,0.428,0.126,0.149,0.397,0.422
2026-04-06T12:00:33.450,1775448033450,396,exp_static_run1,1196.526,2.987,h2_to_h1,clab-srte8-h2,192.168.1.2,1,1,5,5,5,0.0,0.082;0.102;0.099;0.194;0.077,0.077,0.11,0.194,0.042,0.099,0.176,0.19
2026-04-06T12:00:36.631,1775448036631,397,exp_static_run1,1199.706,3.18,h1_to_h2,clab-srte8-h1,192.168.8.2,1,1,5,5,5,0.0,0.096;0.080;0.095;0.504;0.069,0.069,0.168,0.504,0.167,0.095,0.422,0.488
2026-04-06T12:00:36.631,1775448036631,397,exp_static_run1,1199.706,3.18,h2_to_h1,clab-srte8-h2,192.168.1.2,1,1,5,5,5,0.0,0.095;0.512;0.067;0.127;0.093,0.067,0.178,0.512,0.167,0.095,0.435,0.497
2026-04-06T12:00:39.373,1775448039373,398,exp_static_run1,1202.448,2.742,h1_to_h2,clab-srte8-h1,192.168.8.2,1,1,5,5,5,0.0,0.128;0.195;0.071;0.270;0.079,0.071,0.148,0.27,0.075,0.128,0.255,0.267
2026-04-06T12:00:39.373,1775448039373,398,exp_static_run1,1202.448,2.742,h2_to_h1,clab-srte8-h2,192.168.1.2,1,1,5,5,5,0.0,0.188;0.350;0.073;0.068;0.115,0.068,0.158,0.35,0.104,0.115,0.318,0.344
2026-04-06T12:00:42.182,1775448042182,399,exp_static_run1,1205.258,2.81,h1_to_h2,clab-srte8-h1,192.168.8.2,1,1,5,5,5,0.0,0.173;0.235;0.120;0.090;0.075,0.075,0.138,0.235,0.058,0.12,0.223,0.233
2026-04-06T12:00:42.182,1775448042182,399,exp_static_run1,1205.258,2.81,h2_to_h1,clab-srte8-h2,192.168.1.2,1,1,5,5,5,0.0,1.110;0.069;0.071;0.068;0.062,0.062,0.276,1.11,0.417,0.069,0.902,1.068
2026-04-06T12:00:45.190,1775448045190,400,exp_static_run1,1208.266,3.008,h1_to_h2,clab-srte8-h1,192.168.8.2,1,1,5,5,5,0.0,0.063;0.109;0.074;0.059;0.068,0.059,0.074,0.109,0.017,0.068,0.102,0.108
2026-04-06T12:00:45.190,1775448045190,400,exp_static_run1,1208.266,3.008,h2_to_h1,clab-srte8-h2,192.168.1.2,1,1,5,5,5,0.0,0.061;0.093;0.149;0.037;0.083,0.037,0.084,0.149,0.037,0.083,0.138,0.147
2026-04-06T12:00:48.257,1775448048257,401,exp_static_run1,1211.333,3.067,h1_to_h2,clab-srte8-h1,192.168.8.2,1,1,5,5,5,0.0,0.062;0.044;0.037;0.084;0.080,0.037,0.061,0.084,0.018,0.062,0.083,0.084
2026-04-06T12:00:48.257,1775448048257,401,exp_static_run1,1211.333,3.067,h2_to_h1,clab-srte8-h2,192.168.1.2,1,1,5,5,5,0.0,0.086;0.235;0.038;0.494;0.157,0.038,0.202,0.494,0.16,0.157,0.442,0.484
2026-04-06T12:00:51.044,1775448051044,402,exp_static_run1,1214.12,2.787,h1_to_h2,clab-srte8-h1,192.168.8.2,1,1,5,5,5,0.0,0.087;0.037;0.225;0.068;0.100,0.037,0.103,0.225,0.064,0.087,0.2,0.22
2026-04-06T12:00:51.044,1775448051044,402,exp_static_run1,1214.12,2.787,h2_to_h1,clab-srte8-h2,192.168.1.2,1,1,5,5,5,0.0,0.165;0.069;0.113;0.301;0.201,0.069,0.169,0.301,0.079,0.165,0.281,0.297
2026-04-06T12:00:54.103,1775448054103,403,exp_static_run1,1217.178,3.059,h1_to_h2,clab-srte8-h1,192.168.8.2,1,1,5,5,5,0.0,0.072;0.069;0.070;0.070;0.078,0.069,0.071,0.078,0.003,0.07,0.077,0.078
2026-04-06T12:00:54.103,1775448054103,403,exp_static_run1,1217.178,3.059,h2_to_h1,clab-srte8-h2,192.168.1.2,1,1,5,5,5,0.0,0.048;0.101;0.071;0.041;0.132,0.041,0.078,0.132,0.033,0.071,0.126,0.131
2026-04-06T12:00:56.934,1775448056934,404,exp_static_run1,1220.01,2.832,h1_to_h2,clab-srte8-h1,192.168.8.2,1,1,5,5,5,0.0,0.070;0.260;0.037;0.058;0.052,0.037,0.095,0.26,0.082,0.058,0.222,0.252
2026-04-06T12:00:56.934,1775448056934,404,exp_static_run1,1220.01,2.832,h2_to_h1,clab-srte8-h2,192.168.1.2,1,1,5,5,5,0.0,0.045;0.103;0.115;0.049;0.060,0.045,0.074,0.115,0.028,0.06,0.113,0.115
2026-04-06T12:00:59.552,1775448059552,405,exp_static_run1,1222.628,2.618,h1_to_h2,clab-srte8-h1,192.168.8.2,1,1,5,5,5,0.0,0.057;0.037;0.094;0.080;0.075,0.037,0.068,0.094,0.019,0.075,0.091,0.093
2026-04-06T12:00:59.552,1775448059552,405,exp_static_run1,1222.628,2.618,h2_to_h1,clab-srte8-h2,192.168.1.2,1,1,5,5,5,0.0,0.394;0.039;0.140;0.051;0.086,0.039,0.142,0.394,0.13,0.086,0.343,0.384
2026-04-06T12:01:02.186,1775448062186,406,exp_static_run1,1225.261,2.633,h1_to_h2,clab-srte8-h1,192.168.8.2,1,1,5,5,5,0.0,0.048;0.072;0.081;0.093;0.090,0.048,0.076,0.093,0.016,0.081,0.092,0.093
2026-04-06T12:01:02.186,1775448062186,406,exp_static_run1,1225.261,2.633,h2_to_h1,clab-srte8-h2,192.168.1.2,1,1,5,5,5,0.0,0.125;0.070;0.079;0.109;0.071,0.07,0.09,0.125,0.022,0.079,0.122,0.124
2026-04-06T12:01:04.799,1775448064799,407,exp_static_run1,1227.875,2.613,h1_to_h2,clab-srte8-h1,192.168.8.2,1,1,5,5,5,0.0,0.116;0.067;0.068;0.065;0.070,0.065,0.077,0.116,0.019,0.068,0.107,0.114
2026-04-06T12:01:04.799,1775448064799,407,exp_static_run1,1227.875,2.613,h2_to_h1,clab-srte8-h2,192.168.1.2,1,1,5,5,5,0.0,0.101;0.073;0.091;0.067;0.071,0.067,0.08,0.101,0.013,0.073,0.099,0.101
2026-04-06T12:01:07.501,1775448067501,408,exp_static_run1,1230.577,2.702,h1_to_h2,clab-srte8-h1,192.168.8.2,1,1,5,5,5,0.0,0.095;0.065;0.067;0.179;0.076,0.065,0.096,0.179,0.042,0.076,0.162,0.176
2026-04-06T12:01:07.501,1775448067501,408,exp_static_run1,1230.577,2.702,h2_to_h1,clab-srte8-h2,192.168.1.2,1,1,5,5,5,0.0,0.085;0.100;0.077;0.136;0.157,0.077,0.111,0.157,0.03,0.1,0.153,0.156
2026-04-06T12:01:10.167,1775448070167,409,exp_static_run1,1233.243,2.666,h1_to_h2,clab-srte8-h1,192.168.8.2,1,1,5,5,5,0.0,0.058;0.069;0.068;0.083;0.078,0.058,0.071,0.083,0.008,0.069,0.082,0.083
2026-04-06T12:01:10.167,1775448070167,409,exp_static_run1,1233.243,2.666,h2_to_h1,clab-srte8-h2,192.168.1.2,1,1,5,5,5,0.0,0.075;0.094;0.070;0.089;0.068,0.068,0.079,0.094,0.01,0.075,0.093,0.094
2026-04-06T12:01:12.797,1775448072798,410,exp_static_run1,1235.873,2.63,h1_to_h2,clab-srte8-h1,192.168.8.2,1,1,5,5,5,0.0,0.106;0.066;0.069;0.398;0.536,0.066,0.235,0.536,0.194,0.106,0.508,0.53
2026-04-06T12:01:12.797,1775448072798,410,exp_static_run1,1235.873,2.63,h2_to_h1,clab-srte8-h2,192.168.1.2,1,1,5,5,5,0.0,0.697;0.987;0.574;1.060;0.085,0.085,0.68,1.061,0.347,0.697,1.045,1.057
2026-04-06T12:01:16.046,1775448076046,411,exp_static_run1,1239.122,3.249,h1_to_h2,clab-srte8-h1,192.168.8.2,1,1,5,5,5,0.0,0.674;0.181;0.153;0.108;0.504,0.108,0.324,0.674,0.224,0.181,0.64,0.667
2026-04-06T12:01:16.046,1775448076046,411,exp_static_run1,1239.122,3.249,h2_to_h1,clab-srte8-h2,192.168.1.2,1,1,5,5,5,0.0,0.047;0.039;0.086;0.092;0.068,0.039,0.066,0.092,0.02,0.068,0.091,0.092
2026-04-06T12:01:19.342,1775448079342,412,exp_static_run1,1242.417,3.295,h1_to_h2,clab-srte8-h1,192.168.8.2,1,1,5,5,5,0.0,0.054;0.068;0.077;0.038;0.037,0.037,0.054,0.077,0.015,0.054,0.075,0.077
2026-04-06T12:01:19.342,1775448079342,412,exp_static_run1,1242.417,3.295,h2_to_h1,clab-srte8-h2,192.168.1.2,1,1,5,5,5,0.0,0.045;0.053;0.057;0.223;0.079,0.045,0.091,0.223,0.066,0.057,0.194,0.217
2026-04-06T12:01:22.678,1775448082678,413,exp_static_run1,1245.754,3.336,h1_to_h2,clab-srte8-h1,192.168.8.2,1,1,5,5,5,0.0,0.055;0.050;0.040;0.074;0.069,0.04,0.057,0.074,0.012,0.055,0.073,0.074
2026-04-06T12:01:22.678,1775448082678,413,exp_static_run1,1245.754,3.336,h2_to_h1,clab-srte8-h2,192.168.1.2,1,1,5,5,5,0.0,0.064;0.041;0.037;0.043;0.059,0.037,0.048,0.064,0.01,0.043,0.063,0.064
2026-04-06T12:01:25.289,1775448085289,414,exp_static_run1,1248.365,2.611,h1_to_h2,clab-srte8-h1,192.168.8.2,1,1,5,5,5,0.0,0.077;0.075;0.049;0.069;0.097,0.049,0.073,0.097,0.015,0.075,0.093,0.096
2026-04-06T12:01:25.289,1775448085289,414,exp_static_run1,1248.365,2.611,h2_to_h1,clab-srte8-h2,192.168.1.2,1,1,5,5,5,0.0,0.113;0.043;0.094;0.088;0.066,0.043,0.08,0.113,0.024,0.088,0.109,0.112
2026-04-06T12:01:27.901,1775448087901,415,exp_static_run1,1250.977,2.612,h1_to_h2,clab-srte8-h1,192.168.8.2,1,1,5,5,5,0.0,0.069;0.035;0.035;0.132;0.043,0.035,0.062,0.132,0.036,0.043,0.119,0.129
2026-04-06T12:01:27.901,1775448087901,415,exp_static_run1,1250.977,2.612,h2_to_h1,clab-srte8-h2,192.168.1.2,1,1,5,5,5,0.0,0.093;0.133;0.036;0.113;0.036,0.036,0.082,0.133,0.039,0.093,0.129,0.132
2026-04-06T12:01:30.581,1775448090581,416,exp_static_run1,1253.656,2.679,h1_to_h2,clab-srte8-h1,192.168.8.2,1,1,5,5,5,0.0,0.054;0.037;0.059;0.043;0.053,0.037,0.049,0.059,0.008,0.053,0.058,0.059
2026-04-06T12:01:30.581,1775448090581,416,exp_static_run1,1253.656,2.679,h2_to_h1,clab-srte8-h2,192.168.1.2,1,1,5,5,5,0.0,0.095;0.069;0.069;0.069;0.071,0.069,0.074,0.095,0.01,0.069,0.09,0.094
2026-04-06T12:01:33.189,1775448093189,417,exp_static_run1,1256.265,2.609,h1_to_h2,clab-srte8-h1,192.168.8.2,1,1,5,5,5,0.0,0.076;0.090;0.081;0.068;0.066,0.066,0.076,0.09,0.008,0.076,0.088,0.09
2026-04-06T12:01:33.189,1775448093189,417,exp_static_run1,1256.265,2.609,h2_to_h1,clab-srte8-h2,192.168.1.2,1,1,5,5,5,0.0,0.160;0.067;0.093;0.070;0.066,0.066,0.091,0.16,0.035,0.07,0.147,0.157
2026-04-06T12:01:35.855,1775448095855,418,exp_static_run1,1258.931,2.666,h1_to_h2,clab-srte8-h1,192.168.8.2,1,1,5,5,5,0.0,0.083;0.079;0.066;0.090;0.067,0.066,0.077,0.09,0.009,0.079,0.089,0.09
2026-04-06T12:01:35.855,1775448095855,418,exp_static_run1,1258.931,2.666,h2_to_h1,clab-srte8-h2,192.168.1.2,1,1,5,5,5,0.0,0.081;0.069;0.066;0.083;0.068,0.066,0.073,0.083,0.007,0.069,0.083,0.083
2026-04-06T12:01:38.560,1775448098560,419,exp_static_run1,1261.635,2.704,h1_to_h2,clab-srte8-h1,192.168.8.2,1,1,5,5,5,0.0,0.145;0.069;0.066;0.075;0.071,0.066,0.085,0.145,0.03,0.071,0.131,0.142
2026-04-06T12:01:38.560,1775448098560,419,exp_static_run1,1261.635,2.704,h2_to_h1,clab-srte8-h2,192.168.1.2,1,1,5,5,5,0.0,0.089;0.056;0.075;0.072;0.104,0.056,0.079,0.104,0.016,0.075,0.101,0.103
2026-04-06T12:01:41.187,1775448101187,420,exp_static_run1,1264.262,2.627,h1_to_h2,clab-srte8-h1,192.168.8.2,1,1,5,5,5,0.0,0.089;0.070;0.069;0.067;0.101,0.067,0.079,0.101,0.013,0.07,0.099,0.101
2026-04-06T12:01:41.187,1775448101187,420,exp_static_run1,1264.262,2.627,h2_to_h1,clab-srte8-h2,192.168.1.2,1,1,5,5,5,0.0,0.082;0.078;0.067;0.108;0.076,0.067,0.082,0.108,0.013,0.078,0.103,0.107
2026-04-06T12:01:43.810,1775448103810,421,exp_static_run1,1266.885,2.623,h1_to_h2,clab-srte8-h1,192.168.8.2,1,1,5,5,5,0.0,0.090;0.067;0.068;0.065;0.086,0.065,0.075,0.09,0.01,0.068,0.089,0.09
2026-04-06T12:01:43.810,1775448103810,421,exp_static_run1,1266.885,2.623,h2_to_h1,clab-srte8-h2,192.168.1.2,1,1,5,5,5,0.0,0.049;0.068;0.072;0.047;0.037,0.037,0.054,0.072,0.013,0.049,0.071,0.072
2026-04-06T12:01:46.426,1775448106426,422,exp_static_run1,1269.502,2.616,h1_to_h2,clab-srte8-h1,192.168.8.2,1,1,5,5,5,0.0,0.046;0.082;0.037;0.068;0.078,0.037,0.062,0.082,0.017,0.068,0.081,0.082
2026-04-06T12:01:46.426,1775448106426,422,exp_static_run1,1269.502,2.616,h2_to_h1,clab-srte8-h2,192.168.1.2,1,1,5,5,5,0.0,0.058;0.077;0.098;0.048;0.048,0.048,0.065,0.098,0.019,0.058,0.094,0.097
2026-04-06T12:01:49.005,1775448109005,423,exp_static_run1,1272.081,2.579,h1_to_h2,clab-srte8-h1,192.168.8.2,1,1,5,5,5,0.0,0.066;0.089;0.125;0.068;0.114,0.066,0.092,0.125,0.023,0.089,0.123,0.125
2026-04-06T12:01:49.005,1775448109005,423,exp_static_run1,1272.081,2.579,h2_to_h1,clab-srte8-h2,192.168.1.2,1,1,5,5,5,0.0,0.065;0.072;0.052;0.070;0.038,0.038,0.059,0.072,0.012,0.065,0.072,0.072
2026-04-06T12:01:51.642,1775448111642,424,exp_static_run1,1274.718,2.637,h1_to_h2,clab-srte8-h1,192.168.8.2,1,1,5,5,5,0.0,0.067;0.266;0.066;0.096;0.158,0.066,0.13,0.266,0.075,0.096,0.244,0.262
2026-04-06T12:01:51.642,1775448111642,424,exp_static_run1,1274.718,2.637,h2_to_h1,clab-srte8-h2,192.168.1.2,1,1,5,5,5,0.0,0.047;0.094;0.053;0.069;0.069,0.047,0.066,0.094,0.016,0.069,0.089,0.093
2026-04-06T12:01:54.219,1775448114219,425,exp_static_run1,1277.294,2.577,h1_to_h2,clab-srte8-h1,192.168.8.2,1,1,5,5,5,0.0,0.071;0.049;0.068;0.068;0.079,0.049,0.067,0.079,0.009,0.068,0.077,0.079
2026-04-06T12:01:54.219,1775448114219,425,exp_static_run1,1277.294,2.577,h2_to_h1,clab-srte8-h2,192.168.1.2,1,1,5,5,5,0.0,0.047;0.122;0.069;0.081;0.060,0.047,0.075,0.122,0.025,0.069,0.114,0.12
2026-04-06T12:01:56.808,1775448116808,426,exp_static_run1,1279.883,2.589,h1_to_h2,clab-srte8-h1,192.168.8.2,1,1,5,5,5,0.0,0.092;0.067;0.078;0.069;0.069,0.067,0.075,0.092,0.009,0.069,0.089,0.091
2026-04-06T12:01:56.808,1775448116808,426,exp_static_run1,1279.883,2.589,h2_to_h1,clab-srte8-h2,192.168.1.2,1,1,5,5,5,0.0,0.076;0.069;0.063;0.068;0.090,0.063,0.073,0.09,0.009,0.069,0.087,0.089
2026-04-06T12:01:59.482,1775448119482,427,exp_static_run1,1282.557,2.674,h1_to_h2,clab-srte8-h1,192.168.8.2,1,1,5,5,5,0.0,0.134;0.045;0.069;0.072;0.086,0.045,0.081,0.134,0.029,0.072,0.124,0.132
2026-04-06T12:01:59.482,1775448119482,427,exp_static_run1,1282.557,2.674,h2_to_h1,clab-srte8-h2,192.168.1.2,1,1,5,5,5,0.0,0.328;0.068;0.069;0.041;0.178,0.041,0.136,0.328,0.106,0.069,0.298,0.322
2026-04-06T12:02:02.855,1775448122855,428,exp_static_run1,1285.93,3.373,h1_to_h2,clab-srte8-h1,192.168.8.2,1,1,5,5,5,0.0,0.048;0.093;0.086;0.526;0.067,0.048,0.164,0.526,0.181,0.086,0.439,0.509
2026-04-06T12:02:02.855,1775448122855,428,exp_static_run1,1285.93,3.373,h2_to_h1,clab-srte8-h2,192.168.1.2,1,1,5,5,5,0.0,0.111;0.074;0.747;0.073;0.065,0.065,0.214,0.747,0.266,0.074,0.62,0.722
2026-04-06T12:02:05.663,1775448125663,429,exp_static_run1,1288.739,2.808,h1_to_h2,clab-srte8-h1,192.168.8.2,1,1,5,5,5,0.0,0.094;0.069;0.301;0.126;0.071,0.069,0.132,0.301,0.086,0.094,0.266,0.294
2026-04-06T12:02:05.663,1775448125663,429,exp_static_run1,1288.739,2.808,h2_to_h1,clab-srte8-h2,192.168.1.2,1,1,5,5,5,0.0,0.113;0.080;0.081;0.633;0.107,0.08,0.202,0.633,0.215,0.107,0.529,0.612
2026-04-06T12:02:08.464,1775448128464,430,exp_static_run1,1291.54,2.801,h1_to_h2,clab-srte8-h1,192.168.8.2,1,1,5,5,5,0.0,0.117;0.070;0.897;0.506;0.071,0.07,0.332,0.897,0.326,0.117,0.819,0.881
2026-04-06T12:02:08.464,1775448128464,430,exp_static_run1,1291.54,2.801,h2_to_h1,clab-srte8-h2,192.168.1.2,1,1,5,5,5,0.0,0.109;0.212;0.322;0.072;0.682,0.072,0.279,0.682,0.219,0.212,0.61,0.668
2026-04-06T12:02:11.389,1775448131389,431,exp_static_run1,1294.465,2.925,h1_to_h2,clab-srte8-h1,192.168.8.2,1,1,5,5,5,0.0,0.106;0.068;0.086;0.120;0.091,0.068,0.094,0.12,0.017,0.091,0.117,0.119
2026-04-06T12:02:11.389,1775448131389,431,exp_static_run1,1294.465,2.925,h2_to_h1,clab-srte8-h2,192.168.1.2,1,1,5,5,5,0.0,0.080;0.076;0.137;0.113;0.125,0.076,0.106,0.137,0.024,0.113,0.135,0.137
2026-04-06T12:02:14.302,1775448134302,432,exp_static_run1,1297.378,2.913,h1_to_h2,clab-srte8-h1,192.168.8.2,1,1,5,5,5,0.0,0.118;0.078;0.080;0.107;0.058,0.058,0.088,0.118,0.021,0.08,0.116,0.118
2026-04-06T12:02:14.302,1775448134302,432,exp_static_run1,1297.378,2.913,h2_to_h1,clab-srte8-h2,192.168.1.2,1,1,5,5,5,0.0,0.069;0.136;0.034;0.068;0.091,0.034,0.079,0.136,0.033,0.069,0.127,0.134
2026-04-06T12:02:17.045,1775448137045,433,exp_static_run1,1300.121,2.743,h1_to_h2,clab-srte8-h1,192.168.8.2,1,1,5,5,5,0.0,0.092;0.069;0.097;0.082;0.047,0.047,0.077,0.097,0.017,0.082,0.096,0.097
2026-04-06T12:02:17.045,1775448137045,433,exp_static_run1,1300.121,2.743,h2_to_h1,clab-srte8-h2,192.168.1.2,1,1,5,5,5,0.0,0.278;0.169;0.042;0.055;0.071,0.042,0.123,0.278,0.089,0.071,0.256,0.274
2026-04-06T12:02:19.917,1775448139917,434,exp_static_run1,1302.993,2.872,h1_to_h2,clab-srte8-h1,192.168.8.2,1,1,5,5,5,0.0,0.057;0.218;0.298;0.072;0.070,0.057,0.143,0.298,0.097,0.072,0.282,0.295
2026-04-06T12:02:19.917,1775448139917,434,exp_static_run1,1302.993,2.872,h2_to_h1,clab-srte8-h2,192.168.1.2,1,1,5,5,5,0.0,0.144;0.311;0.205;0.078;0.094,0.078,0.166,0.311,0.084,0.144,0.29,0.307
2026-04-06T12:02:22.859,1775448142859,435,exp_static_run1,1305.935,2.942,h1_to_h2,clab-srte8-h1,192.168.8.2,1,1,5,5,5,0.0,0.083;0.069;0.254;0.037;0.247,0.037,0.138,0.254,0.093,0.083,0.253,0.254
2026-04-06T12:02:22.859,1775448142859,435,exp_static_run1,1305.935,2.942,h2_to_h1,clab-srte8-h2,192.168.1.2,1,1,5,5,5,0.0,0.100;0.046;0.123;0.036;0.081,0.036,0.077,0.123,0.032,0.081,0.118,0.122
2026-04-06T12:02:26.371,1775448146371,436,exp_static_run1,1309.446,3.512,h1_to_h2,clab-srte8-h1,192.168.8.2,1,1,5,5,5,0.0,0.092;0.131;0.066;0.079;0.063,0.063,0.086,0.131,0.024,0.079,0.123,0.129
2026-04-06T12:02:26.371,1775448146371,436,exp_static_run1,1309.446,3.512,h2_to_h1,clab-srte8-h2,192.168.1.2,1,1,5,5,5,0.0,0.100;0.042;0.069;0.132;0.040,0.04,0.076,0.132,0.035,0.069,0.126,0.131
2026-04-06T12:02:29.297,1775448149297,437,exp_static_run1,1312.372,2.926,h1_to_h2,clab-srte8-h1,192.168.8.2,1,1,5,5,5,0.0,0.058;0.075;0.035;0.037;0.036,0.035,0.048,0.075,0.015,0.037,0.072,0.074
2026-04-06T12:02:29.297,1775448149297,437,exp_static_run1,1312.372,2.926,h2_to_h1,clab-srte8-h2,192.168.1.2,1,1,5,5,5,0.0,0.053;0.057;0.035;0.036;0.068,0.035,0.049,0.068,0.012,0.053,0.066,0.068
2026-04-06T12:02:32.022,1775448152022,438,exp_static_run1,1315.097,2.725,h1_to_h2,clab-srte8-h1,192.168.8.2,1,1,5,5,5,0.0,0.045;0.061;0.064;0.070;0.044,0.044,0.056,0.07,0.01,0.061,0.069,0.07
2026-04-06T12:02:32.022,1775448152022,438,exp_static_run1,1315.097,2.725,h2_to_h1,clab-srte8-h2,192.168.1.2,1,1,5,5,5,0.0,0.050;0.068;0.075;0.069;0.035,0.035,0.059,0.075,0.014,0.068,0.074,0.075
2026-04-06T12:02:34.677,1775448154677,439,exp_static_run1,1317.753,2.656,h1_to_h2,clab-srte8-h1,192.168.8.2,1,1,5,5,5,0.0,0.219;0.068;0.068;0.078;0.069,0.068,0.1,0.219,0.059,0.069,0.191,0.213
2026-04-06T12:02:34.677,1775448154677,439,exp_static_run1,1317.753,2.656,h2_to_h1,clab-srte8-h2,192.168.1.2,1,1,5,5,5,0.0,0.081;0.068;0.100;0.067;0.071,0.067,0.077,0.1,0.012,0.071,0.096,0.099
2026-04-06T12:02:37.370,1775448157370,440,exp_static_run1,1320.445,2.692,h1_to_h2,clab-srte8-h1,192.168.8.2,1,1,5,5,5,0.0,0.102;0.071;0.073;0.061;0.091,0.061,0.079,0.102,0.014,0.073,0.1,0.102
2026-04-06T12:02:37.370,1775448157370,440,exp_static_run1,1320.445,2.692,h2_to_h1,clab-srte8-h2,192.168.1.2,1,1,5,5,5,0.0,0.108;0.073;0.080;0.068;0.125,0.068,0.09,0.125,0.022,0.08,0.122,0.124
2026-04-06T12:02:40.034,1775448160034,441,exp_static_run1,1323.11,2.664,h1_to_h2,clab-srte8-h1,192.168.8.2,1,1,5,5,5,0.0,0.125;0.108;0.069;0.068;0.061,0.061,0.086,0.125,0.025,0.069,0.122,0.124
2026-04-06T12:02:40.034,1775448160034,441,exp_static_run1,1323.11,2.664,h2_to_h1,clab-srte8-h2,192.168.1.2,1,1,5,5,5,0.0,0.089;0.062;0.067;0.086;0.069,0.062,0.074,0.089,0.01,0.069,0.088,0.089
2026-04-06T12:02:42.709,1775448162709,442,exp_static_run1,1325.785,2.675,h1_to_h2,clab-srte8-h1,192.168.8.2,1,1,5,5,5,0.0,0.102;0.068;0.079;0.060;0.067,0.06,0.075,0.102,0.014,0.068,0.097,0.101
2026-04-06T12:02:42.709,1775448162709,442,exp_static_run1,1325.785,2.675,h2_to_h1,clab-srte8-h2,192.168.1.2,1,1,5,5,5,0.0,0.071;0.071;0.116;0.075;0.081,0.071,0.082,0.116,0.017,0.075,0.109,0.115
2026-04-06T12:02:45.402,1775448165402,443,exp_static_run1,1328.477,2.693,h1_to_h2,clab-srte8-h1,192.168.8.2,1,1,5,5,5,0.0,0.084;0.084;0.075;0.068;0.040,0.04,0.07,0.084,0.016,0.075,0.084,0.084
2026-04-06T12:02:45.402,1775448165402,443,exp_static_run1,1328.477,2.693,h2_to_h1,clab-srte8-h2,192.168.1.2,1,1,5,5,5,0.0,0.063;0.084;0.037;0.049;0.070,0.037,0.06,0.084,0.016,0.063,0.081,0.083
2026-04-06T12:02:48.014,1775448168014,444,exp_static_run1,1331.089,2.612,h1_to_h2,clab-srte8-h1,192.168.8.2,1,1,5,5,5,0.0,0.059;0.093;0.068;0.069;0.067,0.059,0.071,0.093,0.011,0.068,0.088,0.092
2026-04-06T12:02:48.014,1775448168014,444,exp_static_run1,1331.089,2.612,h2_to_h1,clab-srte8-h2,192.168.1.2,1,1,5,5,5,0.0,0.051;0.032;0.066;0.200;0.045,0.032,0.078,0.2,0.061,0.051,0.173,0.195
2026-04-06T12:02:50.697,1775448170697,445,exp_static_run1,1333.773,2.683,h1_to_h2,clab-srte8-h1,192.168.8.2,1,1,5,5,5,0.0,0.114;0.037;0.062;0.096;0.067,0.037,0.075,0.114,0.026,0.067,0.11,0.113
2026-04-06T12:02:50.697,1775448170697,445,exp_static_run1,1333.773,2.683,h2_to_h1,clab-srte8-h2,192.168.1.2,1,1,5,5,5,0.0,0.047;0.041;0.090;0.050;0.041,0.041,0.053,0.09,0.018,0.047,0.082,0.088
2026-04-06T12:02:53.301,1775448173301,446,exp_static_run1,1336.377,2.604,h1_to_h2,clab-srte8-h1,192.168.8.2,1,1,5,5,5,0.0,0.163;0.077;0.053;0.069;0.091,0.053,0.09,0.163,0.038,0.077,0.149,0.16
2026-04-06T12:02:53.301,1775448173301,446,exp_static_run1,1336.377,2.604,h2_to_h1,clab-srte8-h2,192.168.1.2,1,1,5,5,5,0.0,0.062;0.093;0.072;0.046;0.056,0.046,0.065,0.093,0.016,0.062,0.089,0.092
2026-04-06T12:02:55.929,1775448175929,447,exp_static_run1,1339.005,2.628,h1_to_h2,clab-srte8-h1,192.168.8.2,1,1,5,5,5,0.0,0.080;0.053;0.037;0.055;0.044,0.037,0.053,0.08,0.014,0.053,0.075,0.079
2026-04-06T12:02:55.929,1775448175929,447,exp_static_run1,1339.005,2.628,h2_to_h1,clab-srte8-h2,192.168.1.2,1,1,5,5,5,0.0,0.048;0.036;0.052;0.069;0.039,0.036,0.048,0.069,0.011,0.048,0.066,0.068
2026-04-06T12:02:58.604,1775448178604,448,exp_static_run1,1341.68,2.675,h1_to_h2,clab-srte8-h1,192.168.8.2,1,1,5,5,5,0.0,0.072;0.212;0.074;0.073;0.069,0.069,0.1,0.212,0.056,0.073,0.184,0.206
2026-04-06T12:02:58.604,1775448178604,448,exp_static_run1,1341.68,2.675,h2_to_h1,clab-srte8-h2,192.168.1.2,1,1,5,5,5,0.0,0.048;0.036;0.067;0.075;0.080,0.036,0.061,0.08,0.016,0.067,0.079,0.08
2026-04-06T12:03:01.277,1775448181277,449,exp_static_run1,1344.353,2.673,h1_to_h2,clab-srte8-h1,192.168.8.2,1,1,5,5,5,0.0,0.052;0.192;0.071;0.070;0.047,0.047,0.086,0.192,0.053,0.07,0.168,0.187
2026-04-06T12:03:01.277,1775448181277,449,exp_static_run1,1344.353,2.673,h2_to_h1,clab-srte8-h2,192.168.1.2,1,1,5,5,5,0.0,0.063;0.063;0.069;0.078;0.061,0.061,0.066,0.078,0.006,0.063,0.076,0.078
2026-04-06T12:03:04.001,1775448184001,450,exp_static_run1,1347.077,2.724,h1_to_h2,clab-srte8-h1,192.168.8.2,1,1,5,5,5,0.0,0.080;0.068;0.117;0.067;0.115,0.067,0.089,0.117,0.022,0.08,0.117,0.117
2026-04-06T12:03:04.001,1775448184001,450,exp_static_run1,1347.077,2.724,h2_to_h1,clab-srte8-h2,192.168.1.2,1,1,5,5,5,0.0,0.109;0.070;0.097;0.068;0.066,0.066,0.082,0.109,0.017,0.07,0.107,0.109
2026-04-06T12:03:06.686,1775448186686,451,exp_static_run1,1349.761,2.684,h1_to_h2,clab-srte8-h1,192.168.8.2,1,1,5,5,5,0.0,0.076;0.067;0.067;0.063;0.059,0.059,0.066,0.076,0.005,0.067,0.074,0.076
2026-04-06T12:03:06.686,1775448186686,451,exp_static_run1,1349.761,2.684,h2_to_h1,clab-srte8-h2,192.168.1.2,1,1,5,5,5,0.0,0.190;0.069;0.069;0.097;0.063,0.063,0.097,0.19,0.047,0.069,0.171,0.186
2026-04-06T12:03:09.360,1775448189360,452,exp_static_run1,1352.435,2.674,h1_to_h2,clab-srte8-h1,192.168.8.2,1,1,5,5,5,0.0,0.090;0.070;0.086;0.068;0.068,0.068,0.076,0.09,0.009,0.07,0.089,0.09
2026-04-06T12:03:09.360,1775448189360,452,exp_static_run1,1352.435,2.674,h2_to_h1,clab-srte8-h2,192.168.1.2,1,1,5,5,5,0.0,0.089;0.068;0.067;0.091;0.066,0.066,0.076,0.091,0.011,0.068,0.091,0.091
2026-04-06T12:03:11.936,1775448191936,453,exp_static_run1,1355.012,2.577,h1_to_h2,clab-srte8-h1,192.168.8.2,1,1,5,5,5,0.0,0.089;0.047;0.216;0.080;0.064,0.047,0.099,0.216,0.06,0.08,0.191,0.211
2026-04-06T12:03:11.936,1775448191936,453,exp_static_run1,1355.012,2.577,h2_to_h1,clab-srte8-h2,192.168.1.2,1,1,5,5,5,0.0,0.152;0.061;0.071;0.071;0.068,0.061,0.084,0.152,0.033,0.071,0.136,0.149
2026-04-06T12:03:14.577,1775448194577,454,exp_static_run1,1357.653,2.641,h1_to_h2,clab-srte8-h1,192.168.8.2,1,1,5,5,5,0.0,0.096;0.069;0.099;0.052;0.068,0.052,0.076,0.099,0.017,0.069,0.098,0.099
2026-04-06T12:03:14.577,1775448194577,454,exp_static_run1,1357.653,2.641,h2_to_h1,clab-srte8-h2,192.168.1.2,1,1,5,5,5,0.0,0.063;0.072;0.056;0.068;0.082,0.056,0.068,0.082,0.008,0.068,0.08,0.082
2026-04-06T12:03:17.245,1775448197245,455,exp_static_run1,1360.321,2.668,h1_to_h2,clab-srte8-h1,192.168.8.2,1,1,5,5,5,0.0,0.068;0.048;0.056;0.038;0.034,0.034,0.048,0.068,0.012,0.048,0.066,0.068
2026-04-06T12:03:17.245,1775448197245,455,exp_static_run1,1360.321,2.668,h2_to_h1,clab-srte8-h2,192.168.1.2,1,1,5,5,5,0.0,0.053;0.042;0.068;0.191;0.066,0.042,0.084,0.191,0.054,0.066,0.166,0.186
2026-04-06T12:03:19.881,1775448199881,456,exp_static_run1,1362.956,2.636,h1_to_h2,clab-srte8-h1,192.168.8.2,1,1,5,5,5,0.0,0.084;0.068;0.132;0.049;0.123,0.049,0.091,0.132,0.031,0.084,0.13,0.132
2026-04-06T12:03:19.881,1775448199881,456,exp_static_run1,1362.956,2.636,h2_to_h1,clab-srte8-h2,192.168.1.2,1,1,5,5,5,0.0,0.067;0.084;0.075;0.084;0.141,0.067,0.09,0.141,0.026,0.084,0.13,0.139
2026-04-06T12:03:22.478,1775448202478,457,exp_static_run1,1365.554,2.598,h1_to_h2,clab-srte8-h1,192.168.8.2,1,1,5,5,5,0.0,0.050;0.070;0.108;0.036;0.080,0.036,0.068,0.108,0.024,0.07,0.102,0.107
2026-04-06T12:03:22.478,1775448202478,457,exp_static_run1,1365.554,2.598,h2_to_h1,clab-srte8-h2,192.168.1.2,1,1,5,5,5,0.0,0.049;0.034;0.034;0.039;0.065,0.034,0.044,0.065,0.011,0.039,0.062,0.064
2026-04-06T12:03:25.175,1775448205175,458,exp_static_run1,1368.25,2.696,h1_to_h2,clab-srte8-h1,192.168.8.2,1,1,5,5,5,0.0,0.096;0.091;0.037;0.087;0.125,0.037,0.087,0.125,0.028,0.091,0.119,0.124
2026-04-06T12:03:25.175,1775448205175,458,exp_static_run1,1368.25,2.696,h2_to_h1,clab-srte8-h2,192.168.1.2,1,1,5,5,5,0.0,0.062;0.037;0.081;0.042;0.043,0.037,0.053,0.081,0.016,0.043,0.077,0.08
2026-04-06T12:03:27.849,1775448207849,459,exp_static_run1,1370.924,2.674,h1_to_h2,clab-srte8-h1,192.168.8.2,1,1,5,5,5,0.0,0.079;0.038;0.037;0.070;0.058,0.037,0.056,0.079,0.016,0.058,0.077,0.079
2026-04-06T12:03:27.849,1775448207849,459,exp_static_run1,1370.924,2.674,h2_to_h1,clab-srte8-h2,192.168.1.2,1,1,5,5,5,0.0,0.066;0.097;0.081;0.046;0.074,0.046,0.072,0.097,0.016,0.074,0.094,0.096
2026-04-06T12:03:30.494,1775448210494,460,exp_static_run1,1373.57,2.645,h1_to_h2,clab-srte8-h1,192.168.8.2,1,1,5,5,5,0.0,0.073;0.068;0.048;0.069;0.208,0.048,0.093,0.208,0.058,0.069,0.181,0.203
2026-04-06T12:03:30.494,1775448210494,460,exp_static_run1,1373.57,2.645,h2_to_h1,clab-srte8-h2,192.168.1.2,1,1,5,5,5,0.0,0.048;0.074;0.054;0.085;0.038,0.038,0.059,0.085,0.017,0.054,0.083,0.085
2026-04-06T12:03:33.127,1775448213127,461,exp_static_run1,1376.203,2.633,h1_to_h2,clab-srte8-h1,192.168.8.2,1,1,5,5,5,0.0,0.081;0.067;0.068;0.068;0.067,0.067,0.07,0.081,0.005,0.068,0.078,0.08
2026-04-06T12:03:33.127,1775448213127,461,exp_static_run1,1376.203,2.633,h2_to_h1,clab-srte8-h2,192.168.1.2,1,1,5,5,5,0.0,0.087;0.072;0.070;0.066;0.072,0.066,0.073,0.087,0.007,0.072,0.084,0.086
2026-04-06T12:03:35.810,1775448215810,462,exp_static_run1,1378.885,2.683,h1_to_h2,clab-srte8-h1,192.168.8.2,1,1,5,5,5,0.0,0.080;0.067;0.071;0.095;0.064,0.064,0.075,0.095,0.011,0.071,0.092,0.094
2026-04-06T12:03:35.810,1775448215810,462,exp_static_run1,1378.885,2.683,h2_to_h1,clab-srte8-h2,192.168.1.2,1,1,5,5,5,0.0,0.143;0.065;0.173;0.072;0.067,0.065,0.104,0.173,0.045,0.072,0.167,0.172
2026-04-06T12:03:38.515,1775448218515,463,exp_static_run1,1381.59,2.705,h1_to_h2,clab-srte8-h1,192.168.8.2,1,1,5,5,5,0.0,0.082;0.072;0.051;0.043;0.090,0.043,0.067,0.09,0.017,0.072,0.088,0.09
2026-04-06T12:03:38.515,1775448218515,463,exp_static_run1,1381.59,2.705,h2_to_h1,clab-srte8-h2,192.168.1.2,1,1,5,5,5,0.0,0.088;0.067;0.067;0.078;0.116,0.067,0.083,0.116,0.018,0.078,0.11,0.115
2026-04-06T12:03:41.161,1775448221161,464,exp_static_run1,1384.237,2.646,h1_to_h2,clab-srte8-h1,192.168.8.2,1,1,5,5,5,0.0,0.093;0.069;0.063;0.071;0.068,0.063,0.072,0.093,0.01,0.069,0.089,0.092
2026-04-06T12:03:41.161,1775448221161,464,exp_static_run1,1384.237,2.646,h2_to_h1,clab-srte8-h2,192.168.1.2,1,1,5,5,5,0.0,0.157;0.070;0.207;0.071;0.069,0.069,0.114,0.207,0.057,0.071,0.197,0.205
2026-04-06T12:03:43.782,1775448223782,465,exp_static_run1,1386.858,2.621,h1_to_h2,clab-srte8-h1,192.168.8.2,1,1,5,5,5,0.0,0.068;0.059;0.238;0.071;0.051,0.051,0.097,0.238,0.07,0.068,0.205,0.231
2026-04-06T12:03:43.782,1775448223782,465,exp_static_run1,1386.858,2.621,h2_to_h1,clab-srte8-h2,192.168.1.2,1,1,5,5,5,0.0,0.072;0.164;0.085;0.091;0.034,0.034,0.089,0.164,0.042,0.085,0.149,0.161
2026-04-06T12:03:46.469,1775448226469,466,exp_static_run1,1389.545,2.687,h1_to_h2,clab-srte8-h1,192.168.8.2,1,1,5,5,5,0.0,0.069;0.068;0.043;0.166;0.086,0.043,0.086,0.166,0.042,0.069,0.15,0.163
2026-04-06T12:03:46.469,1775448226469,466,exp_static_run1,1389.545,2.687,h2_to_h1,clab-srte8-h2,192.168.1.2,1,1,5,5,5,0.0,0.112;0.033;0.070;0.061;0.079,0.033,0.071,0.112,0.025,0.07,0.105,0.111
2026-04-06T12:03:49.126,1775448229126,467,exp_static_run1,1392.201,2.657,h1_to_h2,clab-srte8-h1,192.168.8.2,1,1,5,5,5,0.0,0.062;0.049;0.068;0.039;0.164,0.039,0.076,0.164,0.044,0.062,0.145,0.16
2026-04-06T12:03:49.126,1775448229126,467,exp_static_run1,1392.201,2.657,h2_to_h1,clab-srte8-h2,192.168.1.2,1,1,5,5,5,0.0,0.052;0.036;0.039;0.072;0.043,0.036,0.048,0.072,0.013,0.043,0.068,0.071
2026-04-06T12:03:51.785,1775448231785,468,exp_static_run1,1394.86,2.659,h1_to_h2,clab-srte8-h1,192.168.8.2,1,1,5,5,5,0.0,0.059;0.069;0.071;0.078;0.091,0.059,0.073,0.091,0.01,0.071,0.088,0.09
2026-04-06T12:03:51.785,1775448231785,468,exp_static_run1,1394.86,2.659,h2_to_h1,clab-srte8-h2,192.168.1.2,1,1,5,5,5,0.0,0.092;0.042;0.068;0.051;0.047,0.042,0.06,0.092,0.018,0.051,0.087,0.091
2026-04-06T12:03:54.468,1775448234468,469,exp_static_run1,1397.544,2.684,h1_to_h2,clab-srte8-h1,192.168.8.2,1,1,5,5,5,0.0,0.096;0.036;0.068;0.058;0.067,0.036,0.065,0.096,0.019,0.067,0.09,0.095
2026-04-06T12:03:54.468,1775448234468,469,exp_static_run1,1397.544,2.684,h2_to_h1,clab-srte8-h2,192.168.1.2,1,1,5,5,5,0.0,0.050;0.052;0.065;0.055;0.050,0.05,0.054,0.065,0.005,0.052,0.063,0.065
2026-04-06T12:03:57.134,1775448237134,470,exp_static_run1,1400.21,2.666,h1_to_h2,clab-srte8-h1,192.168.8.2,1,1,5,5,5,0.0,0.051;0.114;0.040;0.062;0.054,0.04,0.064,0.114,0.025,0.054,0.104,0.112
2026-04-06T12:03:57.134,1775448237134,470,exp_static_run1,1400.21,2.666,h2_to_h1,clab-srte8-h2,192.168.1.2,1,1,5,5,5,0.0,0.047;0.091;0.051;0.068;0.042,0.042,0.059,0.091,0.017,0.051,0.086,0.09
2026-04-06T12:03:59.806,1775448239806,471,exp_static_run1,1402.882,2.672,h1_to_h2,clab-srte8-h1,192.168.8.2,1,1,5,5,5,0.0,0.057;0.096;0.047;0.053;0.073,0.047,0.065,0.096,0.017,0.057,0.091,0.095
2026-04-06T12:03:59.806,1775448239806,471,exp_static_run1,1402.882,2.672,h2_to_h1,clab-srte8-h2,192.168.1.2,1,1,5,5,5,0.0,0.044;0.083;0.038;0.066;0.043,0.038,0.054,0.083,0.017,0.044,0.08,0.082
2026-04-06T12:04:02.525,1775448242525,472,exp_static_run1,1405.601,2.719,h1_to_h2,clab-srte8-h1,192.168.8.2,1,1,5,5,5,0.0,0.083;0.069;0.074;0.068;0.069,0.068,0.072,0.083,0.005,0.069,0.081,0.083
2026-04-06T12:04:02.525,1775448242525,472,exp_static_run1,1405.601,2.719,h2_to_h1,clab-srte8-h2,192.168.1.2,1,1,5,5,5,0.0,0.071;0.069;0.055;0.130;0.039,0.039,0.072,0.13,0.03,0.069,0.118,0.128
2026-04-06T12:04:05.222,1775448245222,473,exp_static_run1,1408.297,2.697,h1_to_h2,clab-srte8-h1,192.168.8.2,1,1,5,5,5,0.0,0.074;0.058;0.068;0.068;0.066,0.058,0.066,0.074,0.005,0.068,0.073,0.074
2026-04-06T12:04:05.222,1775448245222,473,exp_static_run1,1408.297,2.697,h2_to_h1,clab-srte8-h2,192.168.1.2,1,1,5,5,5,0.0,0.094;0.073;0.199;0.203;0.075,0.073,0.128,0.203,0.059,0.094,0.202,0.203
2026-04-06T12:04:07.910,1775448247910,474,exp_static_run1,1410.985,2.688,h1_to_h2,clab-srte8-h1,192.168.8.2,1,1,5,5,5,0.0,0.095;0.068;0.066;0.100;0.069,0.066,0.079,0.1,0.014,0.069,0.099,0.1
2026-04-06T12:04:07.910,1775448247910,474,exp_static_run1,1410.985,2.688,h2_to_h1,clab-srte8-h2,192.168.1.2,1,1,5,5,5,0.0,0.155;0.078;0.104;0.045;0.038,0.038,0.084,0.155,0.042,0.078,0.145,0.153
2026-04-06T12:04:10.580,1775448250580,475,exp_static_run1,1413.655,2.67,h1_to_h2,clab-srte8-h1,192.168.8.2,1,1,5,5,5,0.0,0.053;0.069;0.067;0.074;0.067,0.053,0.066,0.074,0.007,0.067,0.073,0.074
2026-04-06T12:04:10.580,1775448250580,475,exp_static_run1,1413.655,2.67,h2_to_h1,clab-srte8-h2,192.168.1.2,1,1,5,5,5,0.0,0.105;0.115;0.063;0.053;0.067,0.053,0.08,0.115,0.024,0.067,0.113,0.115
2026-04-06T12:04:13.395,1775448253395,476,exp_static_run1,1416.47,2.815,h1_to_h2,clab-srte8-h1,192.168.8.2,1,1,5,5,5,0.0,0.104;0.075;0.077;0.079;0.074,0.074,0.081,0.104,0.011,0.077,0.099,0.103
2026-04-06T12:04:13.395,1775448253395,476,exp_static_run1,1416.47,2.815,h2_to_h1,clab-srte8-h2,192.168.1.2,1,1,5,5,5,0.0,0.072;0.067;0.088;0.070;0.089,0.067,0.077,0.089,0.009,0.072,0.089,0.089
2026-04-06T12:04:16.033,1775448256033,477,exp_static_run1,1419.109,2.638,h1_to_h2,clab-srte8-h1,192.168.8.2,1,1,5,5,5,0.0,0.048;0.037;0.068;0.061;0.068,0.037,0.056,0.068,0.012,0.061,0.068,0.068
2026-04-06T12:04:16.033,1775448256033,477,exp_static_run1,1419.109,2.638,h2_to_h1,clab-srte8-h2,192.168.1.2,1,1,5,5,5,0.0,0.071;0.086;0.085;0.069;0.068,0.068,0.075,0.086,0.008,0.071,0.086,0.086
2026-04-06T12:04:18.658,1775448258658,478,exp_static_run1,1421.734,2.625,h1_to_h2,clab-srte8-h1,192.168.8.2,1,1,5,5,5,0.0,0.065;0.081;0.067;0.114;0.039,0.039,0.073,0.114,0.024,0.067,0.107,0.113
2026-04-06T12:04:18.658,1775448258658,478,exp_static_run1,1421.734,2.625,h2_to_h1,clab-srte8-h2,192.168.1.2,1,1,5,5,5,0.0,0.053;0.047;0.067;0.067;0.068,0.047,0.06,0.068,0.008,0.067,0.068,0.068
2026-04-06T12:04:21.290,1775448261290,479,exp_static_run1,1424.365,2.632,h1_to_h2,clab-srte8-h1,192.168.8.2,1,1,5,5,5,0.0,0.081;0.067;0.036;0.067;0.097,0.036,0.069,0.097,0.02,0.067,0.094,0.096
2026-04-06T12:04:21.290,1775448261290,479,exp_static_run1,1424.365,2.632,h2_to_h1,clab-srte8-h2,192.168.1.2,1,1,5,5,5,0.0,0.047;0.264;0.072;0.069;0.036,0.036,0.097,0.264,0.084,0.069,0.226,0.256
2026-04-06T12:04:23.928,1775448263928,480,exp_static_run1,1427.004,2.638,h1_to_h2,clab-srte8-h1,192.168.8.2,1,1,5,5,5,0.0,0.059;0.115;0.065;0.052;0.083,0.052,0.074,0.115,0.022,0.065,0.109,0.114
2026-04-06T12:04:23.928,1775448263928,480,exp_static_run1,1427.004,2.638,h2_to_h1,clab-srte8-h2,192.168.1.2,1,1,5,5,5,0.0,0.103;0.071;0.070;0.041;0.116,0.041,0.08,0.116,0.026,0.071,0.113,0.115
2026-04-06T12:04:26.586,1775448266586,481,exp_static_run1,1429.661,2.657,h1_to_h2,clab-srte8-h1,192.168.8.2,1,1,5,5,5,0.0,0.054;0.084;0.037;0.068;0.068,0.037,0.062,0.084,0.015,0.068,0.081,0.083
2026-04-06T12:04:26.586,1775448266586,481,exp_static_run1,1429.661,2.657,h2_to_h1,clab-srte8-h2,192.168.1.2,1,1,5,5,5,0.0,0.086;0.067;0.050;0.067;0.076,0.05,0.069,0.086,0.011,0.067,0.084,0.086
2026-04-06T12:04:29.217,1775448269217,482,exp_static_run1,1432.293,2.631,h1_to_h2,clab-srte8-h1,192.168.8.2,1,1,5,5,5,0.0,0.048;0.070;0.069;0.076;0.035,0.035,0.059,0.076,0.015,0.069,0.075,0.076
2026-04-06T12:04:29.217,1775448269217,482,exp_static_run1,1432.293,2.631,h2_to_h1,clab-srte8-h2,192.168.1.2,1,1,5,5,5,0.0,0.062;0.064;0.088;0.048;0.067,0.048,0.065,0.088,0.012,0.064,0.084,0.087
2026-04-06T12:04:31.814,1775448271814,483,exp_static_run1,1434.889,2.596,h1_to_h2,clab-srte8-h1,192.168.8.2,1,1,5,5,5,0.0,0.054;0.041;0.068;0.075;0.064,0.041,0.06,0.075,0.011,0.064,0.074,0.075
2026-04-06T12:04:31.814,1775448271814,483,exp_static_run1,1434.889,2.596,h2_to_h1,clab-srte8-h2,192.168.1.2,1,1,5,5,5,0.0,0.074;0.060;0.064;0.067;0.068,0.06,0.066,0.074,0.004,0.067,0.073,0.074
2026-04-06T12:04:34.465,1775448274465,484,exp_static_run1,1437.541,2.651,h1_to_h2,clab-srte8-h1,192.168.8.2,1,1,5,5,5,0.0,0.117;0.079;0.068;0.068;0.075,0.068,0.081,0.117,0.018,0.075,0.109,0.115
2026-04-06T12:04:34.465,1775448274465,484,exp_static_run1,1437.541,2.651,h2_to_h1,clab-srte8-h2,192.168.1.2,1,1,5,5,5,0.0,0.052;0.097;0.058;0.077;0.090,0.052,0.074,0.097,0.017,0.077,0.096,0.097
2026-04-06T12:04:37.095,1775448277095,485,exp_static_run1,1440.17,2.63,h1_to_h2,clab-srte8-h1,192.168.8.2,1,1,5,5,5,0.0,0.088;0.040;0.066;0.104;0.069,0.04,0.073,0.104,0.021,0.069,0.101,0.103
2026-04-06T12:04:37.095,1775448277095,485,exp_static_run1,1440.17,2.63,h2_to_h1,clab-srte8-h2,192.168.1.2,1,1,5,5,5,0.0,0.080;0.093;0.067;0.064;0.062,0.062,0.073,0.093,0.011,0.067,0.09,0.092
2026-04-06T12:04:39.709,1775448279709,486,exp_static_run1,1442.785,2.614,h1_to_h2,clab-srte8-h1,192.168.8.2,1,1,5,5,5,0.0,0.086;0.076;0.084;0.062;0.062,0.062,0.074,0.086,0.01,0.076,0.086,0.086
2026-04-06T12:04:39.709,1775448279709,486,exp_static_run1,1442.785,2.614,h2_to_h1,clab-srte8-h2,192.168.1.2,1,1,5,5,5,0.0,0.054;0.072;0.092;0.066;0.076,0.054,0.072,0.092,0.012,0.072,0.089,0.091
2026-04-06T12:04:42.335,1775448282335,487,exp_static_run1,1445.411,2.626,h1_to_h2,clab-srte8-h1,192.168.8.2,1,1,5,5,5,0.0,0.102;0.073;0.058;0.078;0.068,0.058,0.075,0.102,0.014,0.073,0.097,0.101
2026-04-06T12:04:42.335,1775448282335,487,exp_static_run1,1445.411,2.626,h2_to_h1,clab-srte8-h2,192.168.1.2,1,1,5,5,5,0.0,0.101;0.067;0.129;0.069;0.059,0.059,0.085,0.129,0.026,0.069,0.123,0.128
2026-04-06T12:04:44.962,1775448284962,488,exp_static_run1,1448.037,2.626,h1_to_h2,clab-srte8-h1,192.168.8.2,1,1,5,5,5,0.0,0.127;0.070;0.053;0.037;0.098,0.037,0.077,0.127,0.032,0.07,0.121,0.126
2026-04-06T12:04:44.962,1775448284962,488,exp_static_run1,1448.037,2.626,h2_to_h1,clab-srte8-h2,192.168.1.2,1,1,5,5,5,0.0,0.063;0.037;0.036;0.109;0.154,0.036,0.079,0.154,0.045,0.063,0.145,0.152
2026-04-06T12:04:47.599,1775448287599,489,exp_static_run1,1450.675,2.638,h1_to_h2,clab-srte8-h1,192.168.8.2,1,1,5,5,5,0.0,0.050;0.051;0.070;0.045;0.045,0.045,0.052,0.07,0.009,0.05,0.066,0.069
2026-04-06T12:04:47.599,1775448287599,489,exp_static_run1,1450.675,2.638,h2_to_h1,clab-srte8-h2,192.168.1.2,1,1,5,5,5,0.0,0.075;0.034;0.082;0.037;0.078,0.034,0.061,0.082,0.021,0.075,0.081,0.082
2026-04-06T12:04:50.256,1775448290256,490,exp_static_run1,1453.332,2.657,h1_to_h2,clab-srte8-h1,192.168.8.2,1,1,5,5,5,0.0,0.087;0.065;0.069;0.156;0.041,0.041,0.083,0.156,0.039,0.069,0.142,0.153
2026-04-06T12:04:50.256,1775448290256,490,exp_static_run1,1453.332,2.657,h2_to_h1,clab-srte8-h2,192.168.1.2,1,1,5,5,5,0.0,0.047;0.067;0.045;0.072;0.200,0.045,0.086,0.2,0.057,0.067,0.174,0.195
2026-04-06T12:04:52.895,1775448292895,491,exp_static_run1,1455.97,2.638,h1_to_h2,clab-srte8-h1,192.168.8.2,1,1,5,5,5,0.0,0.081;0.066;0.069;0.069;0.044,0.044,0.065,0.081,0.012,0.069,0.079,0.081
2026-04-06T12:04:52.895,1775448292895,491,exp_static_run1,1455.97,2.638,h2_to_h1,clab-srte8-h2,192.168.1.2,1,1,5,5,5,0.0,0.095;0.064;0.089;0.070;0.116,0.064,0.086,0.116,0.018,0.089,0.112,0.115
2026-04-06T12:04:55.546,1775448295546,492,exp_static_run1,1458.622,2.652,h1_to_h2,clab-srte8-h1,192.168.8.2,1,1,5,5,5,0.0,0.062;0.039;0.065;0.069;0.076,0.039,0.062,0.076,0.012,0.065,0.075,0.076
2026-04-06T12:04:55.546,1775448295546,492,exp_static_run1,1458.622,2.652,h2_to_h1,clab-srte8-h2,192.168.1.2,1,1,5,5,5,0.0,0.071;0.068;0.078;0.052;0.070,0.052,0.067,0.078,0.008,0.07,0.077,0.078
2026-04-06T12:04:58.178,1775448298178,493,exp_static_run1,1461.254,2.632,h1_to_h2,clab-srte8-h1,192.168.8.2,1,1,5,5,5,0.0,0.085;0.048;0.047;0.084;0.044,0.044,0.061,0.085,0.018,0.048,0.085,0.085
2026-04-06T12:04:58.178,1775448298178,493,exp_static_run1,1461.254,2.632,h2_to_h1,clab-srte8-h2,192.168.1.2,1,1,5,5,5,0.0,0.070;0.070;0.039;0.039;0.067,0.039,0.057,0.07,0.014,0.067,0.07,0.07
2026-04-06T12:05:00.913,1775448300913,494,exp_static_run1,1463.989,2.735,h1_to_h2,clab-srte8-h1,192.168.8.2,1,1,5,5,5,0.0,0.052;0.072;0.110;0.098;0.108,0.052,0.088,0.11,0.022,0.098,0.11,0.11
2026-04-06T12:05:00.913,1775448300913,494,exp_static_run1,1463.989,2.735,h2_to_h1,clab-srte8-h2,192.168.1.2,1,1,5,5,5,0.0,0.050;0.069;0.036;0.067;0.123,0.036,0.069,0.123,0.029,0.067,0.112,0.121
2026-04-06T12:05:03.560,1775448303560,495,exp_static_run1,1466.636,2.647,h1_to_h2,clab-srte8-h1,192.168.8.2,1,1,5,5,5,0.0,0.113;0.069;0.200;0.081;0.067,0.067,0.106,0.2,0.049,0.081,0.183,0.197
2026-04-06T12:05:03.560,1775448303560,495,exp_static_run1,1466.636,2.647,h2_to_h1,clab-srte8-h2,192.168.1.2,1,1,5,5,5,0.0,0.118;0.058;0.081;0.161;0.072,0.058,0.098,0.161,0.037,0.081,0.152,0.159
2026-04-06T12:05:06.247,1775448306247,496,exp_static_run1,1469.322,2.686,h1_to_h2,clab-srte8-h1,192.168.8.2,1,1,5,5,5,0.0,0.080;0.081;0.058;0.078;0.068,0.058,0.073,0.081,0.008,0.078,0.081,0.081
2026-04-06T12:05:06.247,1775448306247,496,exp_static_run1,1469.322,2.686,h2_to_h1,clab-srte8-h2,192.168.1.2,1,1,5,5,5,0.0,0.147;0.074;0.079;0.068;0.042,0.042,0.082,0.147,0.034,0.074,0.133,0.144
2026-04-06T12:05:08.882,1775448308882,497,exp_static_run1,1471.957,2.635,h1_to_h2,clab-srte8-h1,192.168.8.2,1,1,5,5,5,0.0,0.138;0.067;0.066;0.077;0.074,0.066,0.084,0.138,0.027,0.074,0.126,0.136
2026-04-06T12:05:08.882,1775448308882,497,exp_static_run1,1471.957,2.635,h2_to_h1,clab-srte8-h2,192.168.1.2,1,1,5,5,5,0.0,0.095;0.183;0.067;0.068;0.082,0.067,0.099,0.183,0.043,0.082,0.165,0.179
2026-04-06T12:05:11.505,1775448311505,498,exp_static_run1,1474.581,2.624,h1_to_h2,clab-srte8-h1,192.168.8.2,1,1,5,5,5,0.0,0.069;0.100;0.067;0.057;0.070,0.057,0.072,0.1,0.014,0.069,0.094,0.099
2026-04-06T12:05:11.505,1775448311505,498,exp_static_run1,1474.581,2.624,h2_to_h1,clab-srte8-h2,192.168.1.2,1,1,5,5,5,0.0,0.093;0.106;0.080;0.068;0.042,0.042,0.077,0.106,0.021,0.08,0.103,0.105
2026-04-06T12:05:14.158,1775448314158,499,exp_static_run1,1477.233,2.652,h1_to_h2,clab-srte8-h1,192.168.8.2,1,1,5,5,5,0.0,0.054;0.077;0.077;0.040;0.109,0.04,0.071,0.109,0.023,0.077,0.103,0.108
2026-04-06T12:05:14.158,1775448314158,499,exp_static_run1,1477.233,2.652,h2_to_h1,clab-srte8-h2,192.168.1.2,1,1,5,5,5,0.0,0.045;0.151;0.055;0.066;0.037,0.037,0.07,0.151,0.041,0.055,0.134,0.148
2026-04-06T12:05:16.868,1775448316868,500,exp_static_run1,1479.943,2.71,h1_to_h2,clab-srte8-h1,192.168.8.2,1,1,5,5,5,0.0,0.055;0.068;0.073;0.068;0.069,0.055,0.066,0.073,0.006,0.068,0.072,0.073
2026-04-06T12:05:16.868,1775448316868,500,exp_static_run1,1479.943,2.71,h2_to_h1,clab-srte8-h2,192.168.1.2,1,1,5,5,5,0.0,0.067;0.077;0.072;0.069;0.094,0.067,0.075,0.094,0.009,0.072,0.091,0.093
2026-04-06T12:05:19.484,1775448319484,501,exp_static_run1,1482.559,2.616,h1_to_h2,clab-srte8-h1,192.168.8.2,1,1,5,5,5,0.0,0.044;0.070;0.056;0.068;0.070,0.044,0.061,0.07,0.01,0.068,0.07,0.07
2026-04-06T12:05:19.484,1775448319484,501,exp_static_run1,1482.559,2.616,h2_to_h1,clab-srte8-h2,192.168.1.2,1,1,5,5,5,0.0,0.103;0.055;0.035;0.087;0.068,0.035,0.069,0.103,0.023,0.068,0.1,0.102
2026-04-06T12:05:22.113,1775448322113,502,exp_static_run1,1485.189,2.63,h1_to_h2,clab-srte8-h1,192.168.8.2,1,1,5,5,5,0.0,0.053;0.175;0.069;0.068;0.033,0.033,0.079,0.175,0.049,0.068,0.154,0.171
2026-04-06T12:05:22.113,1775448322113,502,exp_static_run1,1485.189,2.63,h2_to_h1,clab-srte8-h2,192.168.1.2,1,1,5,5,5,0.0,0.074;0.048;0.078;0.047;0.066,0.047,0.062,0.078,0.012,0.066,0.077,0.078
2026-04-06T12:05:24.758,1775448324758,503,exp_static_run1,1487.834,2.645,h1_to_h2,clab-srte8-h1,192.168.8.2,1,1,5,5,5,0.0,0.053;0.072;0.069;0.082;0.035,0.035,0.062,0.082,0.016,0.069,0.08,0.082
2026-04-06T12:05:24.758,1775448324758,503,exp_static_run1,1487.834,2.645,h2_to_h1,clab-srte8-h2,192.168.1.2,1,1,5,5,5,0.0,0.115;0.054;0.036;0.080;0.037,0.036,0.064,0.115,0.029,0.054,0.108,0.114
2026-04-06T12:05:27.357,1775448327357,504,exp_static_run1,1490.432,2.599,h1_to_h2,clab-srte8-h1,192.168.8.2,1,1,5,5,5,0.0,0.048;0.036;0.096;0.037;0.226,0.036,0.088,0.226,0.072,0.048,0.2,0.221
2026-04-06T12:05:27.357,1775448327357,504,exp_static_run1,1490.432,2.599,h2_to_h1,clab-srte8-h2,192.168.1.2,1,1,5,5,5,0.0,0.045;0.092;0.074;0.045;0.106,0.045,0.072,0.106,0.024,0.074,0.103,0.105
2026-04-06T12:05:30.112,1775448330112,505,exp_static_run1,1493.188,2.756,h1_to_h2,clab-srte8-h1,192.168.8.2,1,1,5,5,5,0.0,0.086;0.091;0.072;0.046;0.038,0.038,0.066,0.091,0.021,0.072,0.09,0.091
2026-04-06T12:05:30.112,1775448330112,505,exp_static_run1,1493.188,2.756,h2_to_h1,clab-srte8-h2,192.168.1.2,1,1,5,5,5,0.0,0.064;0.051;0.049;0.074;0.070,0.049,0.061,0.074,0.01,0.064,0.073,0.074
2026-04-06T12:05:32.809,1775448332809,506,exp_static_run1,1495.884,2.697,h1_to_h2,clab-srte8-h1,192.168.8.2,1,1,5,5,5,0.0,0.093;0.067;0.066;0.087;0.057,0.057,0.074,0.093,0.013,0.067,0.092,0.093
2026-04-06T12:05:32.809,1775448332809,506,exp_static_run1,1495.884,2.697,h2_to_h1,clab-srte8-h2,192.168.1.2,1,1,5,5,5,0.0,0.069;0.098;0.074;0.063;0.174,0.063,0.095,0.174,0.04,0.074,0.159,0.171
2026-04-06T12:05:35.459,1775448335459,507,exp_static_run1,1498.535,2.65,h1_to_h2,clab-srte8-h1,192.168.8.2,1,1,5,5,5,0.0,0.068;0.117;0.074;0.075;0.125,0.068,0.091,0.125,0.024,0.075,0.123,0.125
2026-04-06T12:05:35.459,1775448335459,507,exp_static_run1,1498.535,2.65,h2_to_h1,clab-srte8-h2,192.168.1.2,1,1,5,5,5,0.0,0.138;0.333;0.068;0.064;0.057,0.057,0.132,0.333,0.104,0.068,0.294,0.325
2026-04-06T12:05:38.064,1775448338064,508,exp_static_run1,1501.139,2.605,h1_to_h2,clab-srte8-h1,192.168.8.2,1,1,5,5,5,0.0,0.074;0.063;0.069;0.072;0.084,0.063,0.072,0.084,0.006,0.072,0.082,0.084
2026-04-06T12:05:38.064,1775448338064,508,exp_static_run1,1501.139,2.605,h2_to_h1,clab-srte8-h2,192.168.1.2,1,1,5,5,5,0.0,0.093;0.034;0.074;0.057;0.066,0.034,0.064,0.093,0.019,0.066,0.089,0.092
2026-04-06T12:05:40.719,1775448340719,509,exp_static_run1,1503.795,2.655,h1_to_h2,clab-srte8-h1,192.168.8.2,1,1,5,5,5,0.0,0.115;0.068;0.065;0.072;0.091,0.065,0.082,0.115,0.018,0.072,0.11,0.114
2026-04-06T12:05:40.719,1775448340719,509,exp_static_run1,1503.795,2.655,h2_to_h1,clab-srte8-h2,192.168.1.2,1,1,5,5,5,0.0,0.144;0.068;0.082;0.141;0.076,0.068,0.102,0.144,0.033,0.082,0.143,0.144
2026-04-06T12:05:43.401,1775448343401,510,exp_static_run1,1506.477,2.682,h1_to_h2,clab-srte8-h1,192.168.8.2,1,1,5,5,5,0.0,0.088;0.068;0.067;0.067;0.073,0.067,0.072,0.088,0.008,0.068,0.085,0.087
2026-04-06T12:05:43.401,1775448343401,510,exp_static_run1,1506.477,2.682,h2_to_h1,clab-srte8-h2,192.168.1.2,1,1,5,5,5,0.0,0.070;0.051;0.067;0.068;0.103,0.051,0.071,0.103,0.017,0.068,0.096,0.102
2026-04-06T12:05:46.055,1775448346055,511,exp_static_run1,1509.131,2.654,h1_to_h2,clab-srte8-h1,192.168.8.2,1,1,5,5,5,0.0,0.051;0.059;0.069;0.114;0.097,0.051,0.078,0.114,0.023,0.069,0.111,0.113
2026-04-06T12:05:46.055,1775448346055,511,exp_static_run1,1509.131,2.654,h2_to_h1,clab-srte8-h2,192.168.1.2,1,1,5,5,5,0.0,0.067;0.075;0.056;0.063;0.072,0.056,0.066,0.075,0.006,0.067,0.074,0.075
2026-04-06T12:05:48.713,1775448348713,512,exp_static_run1,1511.789,2.658,h1_to_h2,clab-srte8-h1,192.168.8.2,1,1,5,5,5,0.0,0.060;0.071;0.076;0.053;0.041,0.041,0.06,0.076,0.012,0.06,0.075,0.076
2026-04-06T12:05:48.713,1775448348713,512,exp_static_run1,1511.789,2.658,h2_to_h1,clab-srte8-h2,192.168.1.2,1,1,5,5,5,0.0,0.056;0.074;0.068;0.069;0.035,0.035,0.06,0.074,0.014,0.068,0.073,0.074
2026-04-06T12:05:51.368,1775448351368,513,exp_static_run1,1514.443,2.654,h1_to_h2,clab-srte8-h1,192.168.8.2,1,1,5,5,5,0.0,0.065;0.039;0.068;0.037;0.060,0.037,0.053,0.068,0.013,0.06,0.067,0.068
2026-04-06T12:05:51.368,1775448351368,513,exp_static_run1,1514.443,2.654,h2_to_h1,clab-srte8-h2,192.168.1.2,1,1,5,5,5,0.0,0.053;0.046;0.070;0.071;0.084,0.046,0.064,0.084,0.013,0.07,0.081,0.083
2026-04-06T12:05:54.011,1775448354011,514,exp_static_run1,1517.086,2.643,h1_to_h2,clab-srte8-h1,192.168.8.2,1,1,5,5,5,0.0,0.076;0.054;0.121;0.035;0.080,0.035,0.073,0.121,0.028,0.076,0.113,0.119
2026-04-06T12:05:54.011,1775448354011,514,exp_static_run1,1517.086,2.643,h2_to_h1,clab-srte8-h2,192.168.1.2,1,1,5,5,5,0.0,0.096;0.061;0.057;0.069;0.085,0.057,0.073,0.096,0.014,0.069,0.094,0.096
2026-04-06T12:05:56.638,1775448356638,515,exp_static_run1,1519.713,2.627,h1_to_h2,clab-srte8-h1,192.168.8.2,1,1,5,5,5,0.0,0.058;0.088;0.037;0.068;0.053,0.037,0.06,0.088,0.016,0.058,0.084,0.087
2026-04-06T12:05:56.638,1775448356638,515,exp_static_run1,1519.713,2.627,h2_to_h1,clab-srte8-h2,192.168.1.2,1,1,5,5,5,0.0,0.049;0.056;0.077;0.065;0.071,0.049,0.063,0.077,0.01,0.065,0.076,0.077
2026-04-06T12:05:59.289,1775448359289,516,exp_static_run1,1522.364,2.651,h1_to_h2,clab-srte8-h1,192.168.8.2,1,1,5,5,5,0.0,0.065;0.055;0.073;0.069;0.089,0.055,0.07,0.089,0.011,0.069,0.086,0.088
2026-04-06T12:05:59.289,1775448359289,516,exp_static_run1,1522.364,2.651,h2_to_h1,clab-srte8-h2,192.168.1.2,1,1,5,5,5,0.0,0.160;0.067;0.037;0.039;0.071,0.037,0.074,0.16,0.044,0.067,0.142,0.156
2026-04-06T12:06:01.973,1775448361973,517,exp_static_run1,1525.049,2.684,h1_to_h2,clab-srte8-h1,192.168.8.2,1,1,5,5,5,0.0,0.049;0.104;0.066;0.047;0.071,0.047,0.067,0.104,0.02,0.066,0.097,0.103
2026-04-06T12:06:01.973,1775448361973,517,exp_static_run1,1525.049,2.684,h2_to_h1,clab-srte8-h2,192.168.1.2,1,1,5,5,5,0.0,0.069;0.037;0.143;0.064;0.068,0.037,0.076,0.143,0.035,0.068,0.128,0.14
2026-04-06T12:06:04.696,1775448364696,518,exp_static_run1,1527.772,2.723,h1_to_h2,clab-srte8-h1,192.168.8.2,1,1,5,5,5,0.0,0.126;0.068;0.069;0.144;0.065,0.065,0.094,0.144,0.033,0.069,0.14,0.143
2026-04-06T12:06:04.696,1775448364696,518,exp_static_run1,1527.772,2.723,h2_to_h1,clab-srte8-h2,192.168.1.2,1,1,5,5,5,0.0,0.126;0.065;0.065;0.093;0.072,0.065,0.084,0.126,0.023,0.072,0.119,0.125
2026-04-06T12:06:07.368,1775448367368,519,exp_static_run1,1530.443,2.671,h1_to_h2,clab-srte8-h1,192.168.8.2,1,1,5,5,5,0.0,0.072;0.105;0.074;0.059;0.072,0.059,0.076,0.105,0.015,0.072,0.099,0.104
2026-04-06T12:06:07.368,1775448367368,519,exp_static_run1,1530.443,2.671,h2_to_h1,clab-srte8-h2,192.168.1.2,1,1,5,5,5,0.0,0.138;0.088;0.074;0.065;0.075,0.065,0.088,0.138,0.026,0.075,0.128,0.136
2026-04-06T12:06:10.045,1775448370045,520,exp_static_run1,1533.121,2.678,h1_to_h2,clab-srte8-h1,192.168.8.2,1,1,5,5,5,0.0,0.079;0.078;0.057;0.053;0.065,0.053,0.066,0.079,0.01,0.065,0.079,0.079
2026-04-06T12:06:10.045,1775448370045,520,exp_static_run1,1533.121,2.678,h2_to_h1,clab-srte8-h2,192.168.1.2,1,1,5,5,5,0.0,0.106;0.062;0.089;0.044;0.065,0.044,0.073,0.106,0.021,0.065,0.103,0.105
2026-04-06T12:06:12.736,1775448372736,521,exp_static_run1,1535.812,2.691,h1_to_h2,clab-srte8-h1,192.168.8.2,1,1,5,5,5,0.0,0.145;0.068;0.067;0.070;0.077,0.067,0.085,0.145,0.03,0.07,0.131,0.142
2026-04-06T12:06:12.736,1775448372736,521,exp_static_run1,1535.812,2.691,h2_to_h1,clab-srte8-h2,192.168.1.2,1,1,5,5,5,0.0,0.098;0.054;0.068;0.078;0.125,0.054,0.084,0.125,0.024,0.078,0.12,0.124
2026-04-06T12:06:15.410,1775448375410,522,exp_static_run1,1538.486,2.674,h1_to_h2,clab-srte8-h1,192.168.8.2,1,1,5,5,5,0.0,0.079;0.171;0.035;0.051;0.078,0.035,0.082,0.171,0.047,0.078,0.153,0.167
2026-04-06T12:06:15.410,1775448375410,522,exp_static_run1,1538.486,2.674,h2_to_h1,clab-srte8-h2,192.168.1.2,1,1,5,5,5,0.0,0.070;0.071;0.050;0.052;0.067,0.05,0.062,0.071,0.009,0.067,0.071,0.071
2026-04-06T12:06:18.105,1775448378105,523,exp_static_run1,1541.181,2.695,h1_to_h2,clab-srte8-h1,192.168.8.2,1,1,5,5,5,0.0,0.047;0.037;0.074;0.142;0.055,0.037,0.071,0.142,0.037,0.055,0.128,0.139
2026-04-06T12:06:18.105,1775448378105,523,exp_static_run1,1541.181,2.695,h2_to_h1,clab-srte8-h2,192.168.1.2,1,1,5,5,5,0.0,0.110;0.069;0.155;0.131;0.054,0.054,0.103,0.155,0.037,0.11,0.15,0.154
2026-04-06T12:06:20.702,1775448380702,524,exp_static_run1,1543.777,2.597,h1_to_h2,clab-srte8-h1,192.168.8.2,1,1,5,5,5,0.0,0.062;0.039;0.069;0.090;0.037,0.037,0.059,0.09,0.019,0.062,0.086,0.089
2026-04-06T12:06:20.702,1775448380702,524,exp_static_run1,1543.777,2.597,h2_to_h1,clab-srte8-h2,192.168.1.2,1,1,5,5,5,0.0,0.050;0.036;0.051;0.069;0.087,0.036,0.058,0.087,0.017,0.051,0.083,0.086
2026-04-06T12:06:23.320,1775448383320,525,exp_static_run1,1546.396,2.619,h1_to_h2,clab-srte8-h1,192.168.8.2,1,1,5,5,5,0.0,0.059;0.035;0.072;0.087;0.068,0.035,0.064,0.087,0.017,0.068,0.084,0.086
2026-04-06T12:06:23.320,1775448383320,525,exp_static_run1,1546.396,2.619,h2_to_h1,clab-srte8-h2,192.168.1.2,1,1,5,5,5,0.0,0.081;0.075;0.069;0.065;0.053,0.053,0.068,0.081,0.009,0.069,0.08,0.081
2026-04-06T12:06:26.022,1775448386022,526,exp_static_run1,1549.097,2.701,h1_to_h2,clab-srte8-h1,192.168.8.2,1,1,5,5,5,0.0,0.060;0.050;0.100;0.124;0.048,0.048,0.076,0.124,0.03,0.06,0.119,0.123
2026-04-06T12:06:26.022,1775448386022,526,exp_static_run1,1549.097,2.701,h2_to_h1,clab-srte8-h2,192.168.1.2,1,1,5,5,5,0.0,0.100;0.041;0.099;0.071;0.066,0.041,0.075,0.1,0.022,0.071,0.1,0.1
2026-04-06T12:06:28.630,1775448388630,527,exp_static_run1,1551.705,2.608,h1_to_h2,clab-srte8-h1,192.168.8.2,1,1,5,5,5,0.0,0.068;0.066;0.067;0.076;0.068,0.066,0.069,0.076,0.003,0.068,0.074,0.076
2026-04-06T12:06:28.630,1775448388630,527,exp_static_run1,1551.705,2.608,h2_to_h1,clab-srte8-h2,192.168.1.2,1,1,5,5,5,0.0,0.055;0.076;0.037;0.131;0.102,0.037,0.08,0.131,0.033,0.076,0.125,0.13
2026-04-06T12:06:31.370,1775448391370,528,exp_static_run1,1554.445,2.74,h1_to_h2,clab-srte8-h1,192.168.8.2,1,1,5,5,5,0.0,0.047;0.080;0.067;0.039;0.071,0.039,0.06,0.08,0.015,0.067,0.078,0.08
2026-04-06T12:06:31.370,1775448391370,528,exp_static_run1,1554.445,2.74,h2_to_h1,clab-srte8-h2,192.168.1.2,1,1,5,5,5,0.0,0.105;0.063;0.036;0.060;0.068,0.036,0.066,0.105,0.022,0.063,0.098,0.104
2026-04-06T12:06:34.044,1775448394044,529,exp_static_run1,1557.12,2.674,h1_to_h2,clab-srte8-h1,192.168.8.2,1,1,5,5,5,0.0,0.134;0.070;0.058;0.104;0.069,0.058,0.087,0.134,0.028,0.07,0.128,0.133
2026-04-06T12:06:34.044,1775448394044,529,exp_static_run1,1557.12,2.674,h2_to_h1,clab-srte8-h2,192.168.1.2,1,1,5,5,5,0.0,0.131;0.176;0.059;0.144;0.067,0.059,0.115,0.176,0.045,0.131,0.17,0.175
2026-04-06T12:06:36.662,1775448396662,530,exp_static_run1,1559.738,2.618,h1_to_h2,clab-srte8-h1,192.168.8.2,1,1,5,5,5,0.0,0.100;0.086;0.081;0.067;0.066,0.066,0.08,0.1,0.012,0.081,0.097,0.099
2026-04-06T12:06:36.662,1775448396662,530,exp_static_run1,1559.738,2.618,h2_to_h1,clab-srte8-h2,192.168.1.2,1,1,5,5,5,0.0,0.134;0.071;0.110;0.072;0.069,0.069,0.091,0.134,0.026,0.072,0.129,0.133
2026-04-06T12:06:39.344,1775448399344,531,exp_static_run1,1562.419,2.681,h1_to_h2,clab-srte8-h1,192.168.8.2,1,1,5,5,5,0.0,0.070;0.065;0.167;0.066;0.072,0.065,0.088,0.167,0.039,0.07,0.148,0.163
2026-04-06T12:06:39.344,1775448399344,531,exp_static_run1,1562.419,2.681,h2_to_h1,clab-srte8-h2,192.168.1.2,1,1,5,5,5,0.0,0.080;0.070;0.068;0.058;0.063,0.058,0.067,0.08,0.007,0.068,0.078,0.08
2026-04-06T12:06:41.987,1775448401987,532,exp_static_run1,1565.062,2.643,h1_to_h2,clab-srte8-h1,192.168.8.2,1,1,5,5,5,0.0,0.288;0.081;0.129;0.121;0.069,0.069,0.137,0.288,0.078,0.121,0.256,0.282
2026-04-06T12:06:41.987,1775448401987,532,exp_static_run1,1565.062,2.643,h2_to_h1,clab-srte8-h2,192.168.1.2,1,1,5,5,5,0.0,0.087;0.073;0.067;0.062;0.153,0.062,0.088,0.153,0.033,0.073,0.14,0.15
2026-04-06T12:06:44.827,1775448404827,533,exp_static_run1,1567.903,2.841,h1_to_h2,clab-srte8-h1,192.168.8.2,1,1,5,5,5,0.0,0.081;0.065;0.068;0.052;0.040,0.04,0.061,0.081,0.014,0.065,0.078,0.08
2026-04-06T12:06:44.827,1775448404827,533,exp_static_run1,1567.903,2.841,h2_to_h1,clab-srte8-h2,192.168.1.2,1,1,5,5,5,0.0,0.056;0.056;0.081;0.044;0.077,0.044,0.062,0.081,0.014,0.056,0.08,0.081
2026-04-06T12:06:47.490,1775448407490,534,exp_static_run1,1570.565,2.662,h1_to_h2,clab-srte8-h1,192.168.8.2,1,1,5,5,5,0.0,0.084;0.067;0.080;0.083;0.068,0.067,0.076,0.084,0.007,0.08,0.084,0.084
2026-04-06T12:06:47.490,1775448407490,534,exp_static_run1,1570.565,2.662,h2_to_h1,clab-srte8-h2,192.168.1.2,1,1,5,5,5,0.0,0.105;0.037;0.088;0.068;0.076,0.037,0.074,0.105,0.022,0.076,0.102,0.104
2026-04-06T12:06:50.148,1775448410148,535,exp_static_run1,1573.224,2.659,h1_to_h2,clab-srte8-h1,192.168.8.2,1,1,5,5,5,0.0,0.069;0.046;0.123;0.066;0.038,0.038,0.068,0.123,0.029,0.066,0.112,0.121
2026-04-06T12:06:50.148,1775448410148,535,exp_static_run1,1573.224,2.659,h2_to_h1,clab-srte8-h2,192.168.1.2,1,1,5,5,5,0.0,0.071;0.041;0.071;0.082;0.070,0.041,0.067,0.082,0.013,0.071,0.08,0.082
2026-04-06T12:06:52.798,1775448412798,536,exp_static_run1,1575.873,2.649,h1_to_h2,clab-srte8-h1,192.168.8.2,1,1,5,5,5,0.0,0.051;0.075;0.038;0.070;0.074,0.038,0.061,0.075,0.014,0.07,0.075,0.075
2026-04-06T12:06:52.798,1775448412798,536,exp_static_run1,1575.873,2.649,h2_to_h1,clab-srte8-h2,192.168.1.2,1,1,5,5,5,0.0,0.049;0.068;0.038;0.088;0.039,0.038,0.056,0.088,0.019,0.049,0.084,0.087
2026-04-06T12:06:55.434,1775448415434,537,exp_static_run1,1578.509,2.636,h1_to_h2,clab-srte8-h1,192.168.8.2,1,1,5,5,5,0.0,0.053;0.155;0.102;0.037;0.067,0.037,0.082,0.155,0.042,0.067,0.144,0.153
2026-04-06T12:06:55.434,1775448415434,537,exp_static_run1,1578.509,2.636,h2_to_h1,clab-srte8-h2,192.168.1.2,1,1,5,5,5,0.0,0.060;0.067;0.068;0.046;0.079,0.046,0.064,0.079,0.01,0.067,0.077,0.079
2026-04-06T12:06:58.066,1775448418066,538,exp_static_run1,1581.141,2.632,h1_to_h2,clab-srte8-h1,192.168.8.2,1,1,5,5,5,0.0,0.049;0.068;0.070;0.039;0.064,0.039,0.058,0.07,0.012,0.064,0.07,0.07
2026-04-06T12:06:58.066,1775448418066,538,exp_static_run1,1581.141,2.632,h2_to_h1,clab-srte8-h2,192.168.1.2,1,1,5,5,5,0.0,0.054;0.092;0.070;0.051;0.042,0.042,0.061,0.092,0.017,0.054,0.088,0.091
2026-04-06T12:07:00.688,1775448420688,539,exp_static_run1,1583.764,2.622,h1_to_h2,clab-srte8-h1,192.168.8.2,1,1,5,5,5,0.0,0.075;0.087;0.068;0.158;0.043,0.043,0.086,0.158,0.038,0.075,0.144,0.155
2026-04-06T12:07:00.688,1775448420688,539,exp_static_run1,1583.764,2.622,h2_to_h1,clab-srte8-h2,192.168.1.2,1,1,5,5,5,0.0,0.089;0.070;0.051;0.070;0.035,0.035,0.063,0.089,0.018,0.07,0.085,0.088
2026-04-06T12:07:03.310,1775448423310,540,exp_static_run1,1586.385,2.622,h1_to_h2,clab-srte8-h1,192.168.8.2,1,1,5,5,5,0.0,0.081;0.076;0.068;0.068;0.071,0.068,0.072,0.081,0.005,0.071,0.08,0.081
2026-04-06T12:07:03.310,1775448423310,540,exp_static_run1,1586.385,2.622,h2_to_h1,clab-srte8-h2,192.168.1.2,1,1,5,5,5,0.0,0.118;0.185;0.080;0.091;0.074,0.074,0.109,0.185,0.04,0.091,0.172,0.182
2026-04-06T12:07:05.990,1775448425990,541,exp_static_run1,1589.065,2.68,h1_to_h2,clab-srte8-h1,192.168.8.2,1,1,5,5,5,0.0,0.055;0.061;0.075;0.086;0.070,0.055,0.069,0.086,0.01,0.07,0.084,0.086
2026-04-06T12:07:05.990,1775448425990,541,exp_static_run1,1589.065,2.68,h2_to_h1,clab-srte8-h2,192.168.1.2,1,1,5,5,5,0.0,0.106;0.109;0.066;0.078;0.062,0.062,0.084,0.109,0.019,0.078,0.108,0.109
2026-04-06T12:07:08.714,1775448428714,542,exp_static_run1,1591.79,2.725,h1_to_h2,clab-srte8-h1,192.168.8.2,1,1,5,5,5,0.0,0.075;0.069;0.060;0.068;0.069,0.06,0.068,0.075,0.004,0.069,0.074,0.075
2026-04-06T12:07:08.714,1775448428714,542,exp_static_run1,1591.79,2.725,h2_to_h1,clab-srte8-h2,192.168.1.2,1,1,5,5,5,0.0,0.077;0.078;0.068;0.115;0.101,0.068,0.087,0.115,0.017,0.078,0.112,0.114
2026-04-06T12:07:11.389,1775448431389,543,exp_static_run1,1594.465,2.675,h1_to_h2,clab-srte8-h1,192.168.8.2,1,1,5,5,5,0.0,0.073;0.138;0.090;0.063;0.064,0.063,0.085,0.138,0.027,0.073,0.128,0.136
2026-04-06T12:07:11.389,1775448431389,543,exp_static_run1,1594.465,2.675,h2_to_h1,clab-srte8-h2,192.168.1.2,1,1,5,5,5,0.0,0.074;0.130;0.066;0.055;0.053,0.053,0.075,0.13,0.028,0.066,0.119,0.128
2026-04-06T12:07:14.004,1775448434004,544,exp_static_run1,1597.08,2.615,h1_to_h2,clab-srte8-h1,192.168.8.2,1,1,5,5,5,0.0,0.114;0.065;0.111;0.067;0.054,0.054,0.082,0.114,0.025,0.067,0.113,0.114
2026-04-06T12:07:14.004,1775448434004,544,exp_static_run1,1597.08,2.615,h2_to_h1,clab-srte8-h2,192.168.1.2,1,1,5,5,5,0.0,0.060;0.115;0.070;0.067;0.100,0.06,0.082,0.115,0.021,0.07,0.112,0.114
2026-04-06T12:07:16.649,1775448436649,545,exp_static_run1,1599.725,2.645,h1_to_h2,clab-srte8-h1,192.168.8.2,1,1,5,5,5,0.0,0.062;0.053;0.068;0.066;0.059,0.053,0.061,0.068,0.005,0.062,0.068,0.068
2026-04-06T12:07:16.649,1775448436649,545,exp_static_run1,1599.725,2.645,h2_to_h1,clab-srte8-h2,192.168.1.2,1,1,5,5,5,0.0,0.061;0.045;0.086;0.094;0.039,0.039,0.065,0.094,0.021,0.061,0.092,0.094
2026-04-06T12:07:19.282,1775448439282,546,exp_static_run1,1602.357,2.632,h1_to_h2,clab-srte8-h1,192.168.8.2,1,1,5,5,5,0.0,0.065;0.094;0.047;0.055;0.050,0.047,0.062,0.094,0.017,0.055,0.088,0.093
2026-04-06T12:07:19.282,1775448439282,546,exp_static_run1,1602.357,2.632,h2_to_h1,clab-srte8-h2,192.168.1.2,1,1,5,5,5,0.0,0.070;0.084;0.084;0.046;0.043,0.043,0.065,0.084,0.017,0.07,0.084,0.084
2026-04-06T12:07:21.913,1775448441913,547,exp_static_run1,1604.989,2.631,h1_to_h2,clab-srte8-h1,192.168.8.2,1,1,5,5,5,0.0,0.077;0.078;0.043;0.059;0.036,0.036,0.058,0.078,0.017,0.059,0.078,0.078
2026-04-06T12:07:21.913,1775448441913,547,exp_static_run1,1604.989,2.631,h2_to_h1,clab-srte8-h2,192.168.1.2,1,1,5,5,5,0.0,0.086;0.042;0.072;0.080;0.041,0.041,0.064,0.086,0.019,0.072,0.085,0.086
2026-04-06T12:07:24.609,1775448444609,548,exp_static_run1,1607.685,2.696,h1_to_h2,clab-srte8-h1,192.168.8.2,1,1,5,5,5,0.0,0.078;0.054;0.035;0.080;0.072,0.035,0.063,0.08,0.017,0.072,0.08,0.08
2026-04-06T12:07:24.609,1775448444609,548,exp_static_run1,1607.685,2.696,h2_to_h1,clab-srte8-h2,192.168.1.2,1,1,5,5,5,0.0,0.065;0.069;0.036;0.041;0.054,0.036,0.053,0.069,0.012,0.054,0.068,0.069
2026-04-06T12:07:27.240,1775448447240,549,exp_static_run1,1610.316,2.631,h1_to_h2,clab-srte8-h1,192.168.8.2,1,1,5,5,5,0.0,0.049;0.083;0.071;0.080;0.036,0.036,0.063,0.083,0.018,0.071,0.082,0.083
2026-04-06T12:07:27.240,1775448447240,549,exp_static_run1,1610.316,2.631,h2_to_h1,clab-srte8-h2,192.168.1.2,1,1,5,5,5,0.0,0.068;0.043;0.086;0.039;0.060,0.039,0.059,0.086,0.017,0.06,0.082,0.085
2026-04-06T12:07:29.897,1775448449898,550,exp_static_run1,1612.973,2.658,h1_to_h2,clab-srte8-h1,192.168.8.2,1,1,5,5,5,0.0,0.086;0.083;0.038;0.068;0.041,0.038,0.063,0.086,0.02,0.068,0.085,0.086
2026-04-06T12:07:29.897,1775448449898,550,exp_static_run1,1612.973,2.658,h2_to_h1,clab-srte8-h2,192.168.1.2,1,1,5,5,5,0.0,0.045;0.067;0.041;0.042;0.050,0.041,0.049,0.067,0.009,0.045,0.064,0.066
2026-04-06T12:07:32.566,1775448452566,551,exp_static_run1,1615.641,2.668,h1_to_h2,clab-srte8-h1,192.168.8.2,1,1,5,5,5,0.0,0.090;0.056;0.108;0.070;0.070,0.056,0.078,0.108,0.018,0.07,0.104,0.107
2026-04-06T12:07:32.566,1775448452566,551,exp_static_run1,1615.641,2.668,h2_to_h1,clab-srte8-h2,192.168.1.2,1,1,5,5,5,0.0,0.069;0.068;0.067;0.129;0.167,0.067,0.1,0.167,0.041,0.069,0.159,0.165
2026-04-06T12:07:35.218,1775448455218,552,exp_static_run1,1618.293,2.652,h1_to_h2,clab-srte8-h1,192.168.8.2,1,1,5,5,5,0.0,0.085;0.074;0.149;0.081;0.112,0.074,0.1,0.149,0.027,0.085,0.142,0.148
2026-04-06T12:07:35.218,1775448455218,552,exp_static_run1,1618.293,2.652,h2_to_h1,clab-srte8-h2,192.168.1.2,1,1,5,5,5,0.0,0.073;0.102;0.071;0.063;0.068,0.063,0.075,0.102,0.013,0.071,0.096,0.101
2026-04-06T12:07:37.909,1775448457909,553,exp_static_run1,1620.985,2.692,h1_to_h2,clab-srte8-h1,192.168.8.2,1,1,5,5,5,0.0,0.077;0.094;0.072;0.223;0.069,0.069,0.107,0.223,0.058,0.077,0.197,0.218
2026-04-06T12:07:37.909,1775448457909,553,exp_static_run1,1620.985,2.692,h2_to_h1,clab-srte8-h2,192.168.1.2,1,1,5,5,5,0.0,0.084;0.068;0.070;0.077;0.118,0.068,0.083,0.118,0.018,0.077,0.111,0.117
2026-04-06T12:07:40.546,1775448460546,554,exp_static_run1,1623.622,2.637,h1_to_h2,clab-srte8-h1,192.168.8.2,1,1,5,5,5,0.0,0.103;0.071;0.070;0.145;0.070,0.07,0.091,0.145,0.029,0.071,0.137,0.143
2026-04-06T12:07:40.546,1775448460546,554,exp_static_run1,1623.622,2.637,h2_to_h1,clab-srte8-h2,192.168.1.2,1,1,5,5,5,0.0,0.118;0.068;0.066;0.183;0.057,0.057,0.098,0.183,0.047,0.068,0.17,0.18
2026-04-06T12:07:43.214,1775448463214,555,exp_static_run1,1626.29,2.668,h1_to_h2,clab-srte8-h1,192.168.8.2,1,1,5,5,5,0.0,0.109;0.066;0.059;0.069;0.074,0.059,0.075,0.109,0.017,0.069,0.102,0.108
2026-04-06T12:07:43.214,1775448463214,555,exp_static_run1,1626.29,2.668,h2_to_h1,clab-srte8-h2,192.168.1.2,1,1,5,5,5,0.0,0.089;0.037;0.068;0.104;0.051,0.037,0.069,0.104,0.024,0.068,0.101,0.103
2026-04-06T12:07:45.913,1775448465913,556,exp_static_run1,1628.988,2.699,h1_to_h2,clab-srte8-h1,192.168.8.2,1,1,5,5,5,0.0,0.073;0.083;0.042;0.034;0.078,0.034,0.062,0.083,0.02,0.073,0.082,0.083
2026-04-06T12:07:45.913,1775448465913,556,exp_static_run1,1628.988,2.699,h2_to_h1,clab-srte8-h2,192.168.1.2,1,1,5,5,5,0.0,0.105;0.049;0.079;0.039;0.074,0.039,0.069,0.105,0.023,0.074,0.1,0.104
2026-04-06T12:07:48.629,1775448468629,557,exp_static_run1,1631.704,2.716,h1_to_h2,clab-srte8-h1,192.168.8.2,1,1,5,5,5,0.0,0.080;0.072;0.075;0.088;0.123,0.072,0.087,0.123,0.018,0.08,0.116,0.122
2026-04-06T12:07:48.629,1775448468629,557,exp_static_run1,1631.704,2.716,h2_to_h1,clab-srte8-h2,192.168.1.2,1,1,5,5,5,0.0,0.045;0.037;0.070;0.108;0.067,0.037,0.065,0.108,0.024,0.067,0.1,0.106
2026-04-06T12:07:51.247,1775448471247,558,exp_static_run1,1634.322,2.618,h1_to_h2,clab-srte8-h1,192.168.8.2,1,1,5,5,5,0.0,0.056;0.078;0.081;0.197;0.051,0.051,0.092,0.197,0.053,0.078,0.174,0.192
2026-04-06T12:07:51.247,1775448471247,558,exp_static_run1,1634.322,2.618,h2_to_h1,clab-srte8-h2,192.168.1.2,1,1,5,5,5,0.0,0.060;0.038;0.050;0.047;0.037,0.037,0.046,0.06,0.008,0.047,0.058,0.06
2026-04-06T12:07:53.935,1775448473935,559,exp_static_run1,1637.011,2.688,h1_to_h2,clab-srte8-h1,192.168.8.2,1,1,5,5,5,0.0,0.062;0.033;0.075;0.037;0.049,0.033,0.051,0.075,0.015,0.049,0.072,0.074
2026-04-06T12:07:53.935,1775448473935,559,exp_static_run1,1637.011,2.688,h2_to_h1,clab-srte8-h2,192.168.1.2,1,1,5,5,5,0.0,0.101;0.076;0.091;0.051;0.076,0.051,0.079,0.101,0.016,0.076,0.099,0.101
2026-04-06T12:07:56.565,1775448476565,560,exp_static_run1,1639.641,2.63,h1_to_h2,clab-srte8-h1,192.168.8.2,1,1,5,5,5,0.0,0.061;0.070;0.070;0.033;0.094,0.033,0.065,0.094,0.019,0.07,0.089,0.093
2026-04-06T12:07:56.565,1775448476565,560,exp_static_run1,1639.641,2.63,h2_to_h1,clab-srte8-h2,192.168.1.2,1,1,5,5,5,0.0,0.051;0.088;0.068;0.081;0.086,0.051,0.074,0.088,0.013,0.081,0.088,0.088
2026-04-06T12:07:59.210,1775448479211,561,exp_static_run1,1642.286,2.645,h1_to_h2,clab-srte8-h1,192.168.8.2,1,1,5,5,5,0.0,0.066;0.060;0.068;0.078;0.039,0.039,0.062,0.078,0.013,0.066,0.076,0.078
2026-04-06T12:07:59.210,1775448479211,561,exp_static_run1,1642.286,2.645,h2_to_h1,clab-srte8-h2,192.168.1.2,1,1,5,5,5,0.0,0.078;0.054;0.051;0.042;0.070,0.042,0.059,0.078,0.013,0.054,0.076,0.078
2026-04-06T12:08:01.964,1775448481964,562,exp_static_run1,1645.04,2.754,h1_to_h2,clab-srte8-h1,192.168.8.2,1,1,5,5,5,0.0,0.074;0.068;0.071;0.086;0.072,0.068,0.074,0.086,0.006,0.072,0.084,0.086
2026-04-06T12:08:01.964,1775448481964,562,exp_static_run1,1645.04,2.754,h2_to_h1,clab-srte8-h2,192.168.1.2,1,1,5,5,5,0.0,0.138;0.108;0.076;0.121;0.070,0.07,0.102,0.138,0.026,0.108,0.135,0.137
2026-04-06T12:08:04.689,1775448484689,563,exp_static_run1,1647.765,2.725,h1_to_h2,clab-srte8-h1,192.168.8.2,1,1,5,5,5,0.0,0.092;0.106;0.110;0.182;0.068,0.068,0.111,0.182,0.038,0.106,0.168,0.179
2026-04-06T12:08:04.689,1775448484689,563,exp_static_run1,1647.765,2.725,h2_to_h1,clab-srte8-h2,192.168.1.2,1,1,5,5,5,0.0,0.156;0.068;0.189;0.107;0.077,0.068,0.119,0.189,0.046,0.107,0.182,0.188
2026-04-06T12:08:07.370,1775448487370,564,exp_static_run1,1650.446,2.681,h1_to_h2,clab-srte8-h1,192.168.8.2,1,1,5,5,5,0.0,0.081;0.140;0.069;0.047;0.169,0.047,0.101,0.169,0.045,0.081,0.163,0.168
2026-04-06T12:08:07.370,1775448487370,564,exp_static_run1,1650.446,2.681,h2_to_h1,clab-srte8-h2,192.168.1.2,1,1,5,5,5,0.0,0.153;0.068;0.067;0.072;0.076,0.067,0.087,0.153,0.033,0.072,0.138,0.15
2026-04-06T12:08:10.018,1775448490018,565,exp_static_run1,1653.094,2.648,h1_to_h2,clab-srte8-h1,192.168.8.2,1,1,5,5,5,0.0,0.081;0.068;0.060;0.079;0.063,0.06,0.07,0.081,0.008,0.068,0.081,0.081
2026-04-06T12:08:10.018,1775448490018,565,exp_static_run1,1653.094,2.648,h2_to_h1,clab-srte8-h2,192.168.1.2,1,1,5,5,5,0.0,0.067;0.068;0.066;0.063;0.063,0.063,0.065,0.068,0.002,0.066,0.068,0.068
2026-04-06T12:08:12.692,1775448492692,566,exp_static_run1,1655.767,2.674,h1_to_h2,clab-srte8-h1,192.168.8.2,1,1,5,5,5,0.0,0.075;0.068;0.071;0.102;0.068,0.068,0.076,0.102,0.012,0.071,0.097,0.101
2026-04-06T12:08:12.692,1775448492692,566,exp_static_run1,1655.767,2.674,h2_to_h1,clab-srte8-h2,192.168.1.2,1,1,5,5,5,0.0,0.081;0.073;0.060;0.083;0.062,0.06,0.071,0.083,0.009,0.073,0.083,0.083
2026-04-06T12:08:15.326,1775448495326,567,exp_static_run1,1658.402,2.634,h1_to_h2,clab-srte8-h1,192.168.8.2,1,1,5,5,5,0.0,0.087;0.088;0.069;0.066;0.068,0.066,0.075,0.088,0.009,0.069,0.088,0.088
2026-04-06T12:08:15.326,1775448495326,567,exp_static_run1,1658.402,2.634,h2_to_h1,clab-srte8-h2,192.168.1.2,1,1,5,5,5,0.0,0.068;0.072;0.035;0.068;0.040,0.035,0.056,0.072,0.015,0.068,0.071,0.072
2026-04-06T12:08:17.981,1775448497981,568,exp_static_run1,1661.056,2.655,h1_to_h2,clab-srte8-h1,192.168.8.2,1,1,5,5,5,0.0,0.086;0.070;0.062;0.036;0.047,0.036,0.06,0.086,0.017,0.062,0.083,0.085
2026-04-06T12:08:17.981,1775448497981,568,exp_static_run1,1661.056,2.655,h2_to_h1,clab-srte8-h2,192.168.1.2,1,1,5,5,5,0.0,0.082;0.125;0.094;0.044;0.046,0.044,0.078,0.125,0.03,0.082,0.119,0.124
2026-04-06T12:08:20.578,1775448500578,569,exp_static_run1,1663.653,2.597,h1_to_h2,clab-srte8-h1,192.168.8.2,1,1,5,5,5,0.0,0.058;0.058;0.069;0.036;0.115,0.036,0.067,0.115,0.026,0.058,0.106,0.113
2026-04-06T12:08:20.578,1775448500578,569,exp_static_run1,1663.653,2.597,h2_to_h1,clab-srte8-h2,192.168.1.2,1,1,5,5,5,0.0,0.048;0.099;0.068;0.072;0.037,0.037,0.064,0.099,0.021,0.068,0.094,0.098
2026-04-06T12:08:23.366,1775448503366,570,exp_static_run1,1666.442,2.789,h1_to_h2,clab-srte8-h1,192.168.8.2,1,1,5,5,5,0.0,0.058;0.069;0.037;0.110;0.079,0.037,0.07,0.11,0.024,0.069,0.104,0.109
2026-04-06T12:08:23.366,1775448503366,570,exp_static_run1,1666.442,2.789,h2_to_h1,clab-srte8-h2,192.168.1.2,1,1,5,5,5,0.0,0.048;0.062;0.054;0.050;0.038,0.038,0.05,0.062,0.007,0.05,0.06,0.062
2026-04-06T12:08:26.209,1775448506209,571,exp_static_run1,1669.284,2.842,h1_to_h2,clab-srte8-h1,192.168.8.2,1,1,5,5,5,0.0,0.148;0.036;0.057;0.036;0.039,0.036,0.063,0.148,0.043,0.039,0.13,0.144
2026-04-06T12:08:26.209,1775448506209,571,exp_static_run1,1669.284,2.842,h2_to_h1,clab-srte8-h2,192.168.1.2,1,1,5,5,5,0.0,0.058;0.049;0.066;0.036;0.042,0.036,0.05,0.066,0.01,0.049,0.064,0.066
2026-04-06T12:08:28.913,1775448508913,572,exp_static_run1,1671.988,2.704,h1_to_h2,clab-srte8-h1,192.168.8.2,1,1,5,5,5,0.0,0.090;0.045;0.037;0.064;0.069,0.037,0.061,0.09,0.018,0.064,0.086,0.089
2026-04-06T12:08:28.913,1775448508913,572,exp_static_run1,1671.988,2.704,h2_to_h1,clab-srte8-h2,192.168.1.2,1,1,5,5,5,0.0,0.065;0.082;0.070;0.068;0.078,0.065,0.072,0.082,0.006,0.07,0.081,0.082
2026-04-06T12:08:31.600,1775448511600,573,exp_static_run1,1674.676,2.687,h1_to_h2,clab-srte8-h1,192.168.8.2,1,1,5,5,5,0.0,0.064;0.059;0.037;0.069;0.094,0.037,0.064,0.094,0.018,0.064,0.089,0.093
2026-04-06T12:08:31.600,1775448511600,573,exp_static_run1,1674.676,2.687,h2_to_h1,clab-srte8-h2,192.168.1.2,1,1,5,5,5,0.0,0.063;0.072;0.057;0.060;0.070,0.057,0.064,0.072,0.005,0.063,0.072,0.072
2026-04-06T12:08:34.198,1775448514198,574,exp_static_run1,1677.274,2.598,h1_to_h2,clab-srte8-h1,192.168.8.2,1,1,5,5,5,0.0,0.082;0.069;0.092;0.071;0.094,0.069,0.081,0.094,0.01,0.082,0.094,0.094
2026-04-06T12:08:34.198,1775448514198,574,exp_static_run1,1677.274,2.598,h2_to_h1,clab-srte8-h2,192.168.1.2,1,1,5,5,5,0.0,0.132;0.068;0.068;0.061;0.065,0.061,0.078,0.132,0.026,0.068,0.119,0.129
2026-04-06T12:08:36.848,1775448516848,575,exp_static_run1,1679.923,2.649,h1_to_h2,clab-srte8-h1,192.168.8.2,1,1,5,5,5,0.0,0.076;0.067;0.070;0.072;0.075,0.067,0.072,0.076,0.003,0.072,0.076,0.076
2026-04-06T12:08:36.848,1775448516848,575,exp_static_run1,1679.923,2.649,h2_to_h1,clab-srte8-h2,192.168.1.2,1,1,5,5,5,0.0,0.077;0.111;0.119;0.202;0.072,0.072,0.116,0.202,0.046,0.111,0.185,0.199
2026-04-06T12:08:39.455,1775448519455,576,exp_static_run1,1682.53,2.607,h1_to_h2,clab-srte8-h1,192.168.8.2,1,1,5,5,5,0.0,0.091;0.078;0.080;0.127;0.063,0.063,0.087,0.127,0.021,0.08,0.12,0.126
2026-04-06T12:08:39.455,1775448519455,576,exp_static_run1,1682.53,2.607,h2_to_h1,clab-srte8-h2,192.168.1.2,1,1,5,5,5,0.0,0.066;0.070;0.069;0.067;0.082,0.066,0.07,0.082,0.005,0.069,0.08,0.082
2026-04-06T12:08:42.106,1775448522106,577,exp_static_run1,1685.182,2.652,h1_to_h2,clab-srte8-h1,192.168.8.2,1,1,5,5,5,0.0,0.131;0.074;0.064;0.071;0.136,0.064,0.095,0.136,0.031,0.074,0.135,0.136
2026-04-06T12:08:42.106,1775448522106,577,exp_static_run1,1685.182,2.652,h2_to_h1,clab-srte8-h2,192.168.1.2,1,1,5,5,5,0.0,0.084;0.067;0.080;0.074;0.072,0.067,0.075,0.084,0.006,0.074,0.083,0.084
2026-04-06T12:08:44.746,1775448524746,578,exp_static_run1,1687.822,2.64,h1_to_h2,clab-srte8-h1,192.168.8.2,1,1,5,5,5,0.0,0.106;0.067;0.077;0.057;0.046,0.046,0.07,0.106,0.02,0.067,0.1,0.105
2026-04-06T12:08:44.746,1775448524746,578,exp_static_run1,1687.822,2.64,h2_to_h1,clab-srte8-h2,192.168.1.2,1,1,5,5,5,0.0,0.063;0.043;0.037;0.090;0.070,0.037,0.06,0.09,0.019,0.063,0.086,0.089
2026-04-06T12:08:47.453,1775448527453,579,exp_static_run1,1690.529,2.707,h1_to_h2,clab-srte8-h1,192.168.8.2,1,1,5,5,5,0.0,0.052;0.144;0.080;0.090;0.092,0.052,0.091,0.144,0.029,0.09,0.134,0.142
2026-04-06T12:08:47.453,1775448527453,579,exp_static_run1,1690.529,2.707,h2_to_h1,clab-srte8-h2,192.168.1.2,1,1,5,5,5,0.0,0.116;0.074;0.083;0.069;0.044,0.044,0.077,0.116,0.023,0.074,0.109,0.115
2026-04-06T12:08:50.114,1775448530114,580,exp_static_run1,1693.189,2.66,h1_to_h2,clab-srte8-h1,192.168.8.2,1,1,5,5,5,0.0,0.048;0.038;0.049;0.068;0.071,0.038,0.054,0.071,0.012,0.049,0.07,0.071
2026-04-06T12:08:50.114,1775448530114,580,exp_static_run1,1693.189,2.66,h2_to_h1,clab-srte8-h2,192.168.1.2,1,1,5,5,5,0.0,0.104;0.053;0.069;0.137;0.049,0.049,0.082,0.137,0.033,0.069,0.13,0.136
2026-04-06T12:08:52.782,1775448532782,581,exp_static_run1,1695.858,2.669,h1_to_h2,clab-srte8-h1,192.168.8.2,1,1,5,5,5,0.0,0.052;0.076;0.043;0.035;0.067,0.035,0.054,0.076,0.015,0.052,0.074,0.076
2026-04-06T12:08:52.782,1775448532782,581,exp_static_run1,1695.858,2.669,h2_to_h1,clab-srte8-h2,192.168.1.2,1,1,5,5,5,0.0,0.090;0.036;0.067;0.034;0.052,0.034,0.055,0.09,0.02,0.052,0.085,0.089
2026-04-06T12:08:55.425,1775448535425,582,exp_static_run1,1698.5,2.642,h1_to_h2,clab-srte8-h1,192.168.8.2,1,1,5,5,5,0.0,0.073;0.079;0.046;0.074;0.068,0.046,0.068,0.079,0.011,0.073,0.078,0.079
2026-04-06T12:08:55.425,1775448535425,582,exp_static_run1,1698.5,2.642,h2_to_h1,clab-srte8-h2,192.168.1.2,1,1,5,5,5,0.0,0.055;0.071;0.075;0.067;0.108,0.055,0.075,0.108,0.017,0.071,0.101,0.107
2026-04-06T12:08:58.062,1775448538062,583,exp_static_run1,1701.137,2.637,h1_to_h2,clab-srte8-h1,192.168.8.2,1,1,5,5,5,0.0,0.070;0.068;0.067;0.086;0.083,0.067,0.074,0.086,0.008,0.07,0.085,0.086
2026-04-06T12:08:58.062,1775448538062,583,exp_static_run1,1701.137,2.637,h2_to_h1,clab-srte8-h2,192.168.1.2,1,1,5,5,5,0.0,0.076;0.036;0.045;0.036;0.075,0.036,0.053,0.076,0.018,0.045,0.076,0.076
2026-04-06T12:09:00.809,1775448540809,584,exp_static_run1,1703.884,2.747,h1_to_h2,clab-srte8-h1,192.168.8.2,1,1,5,5,5,0.0,0.067;0.068;0.052;0.071;0.073,0.052,0.066,0.073,0.007,0.068,0.073,0.073
2026-04-06T12:09:00.809,1775448540809,584,exp_static_run1,1703.884,2.747,h2_to_h1,clab-srte8-h2,192.168.1.2,1,1,5,5,5,0.0,0.069;0.044;0.038;0.111;0.069,0.038,0.066,0.111,0.025,0.069,0.103,0.109
2026-04-06T12:09:03.449,1775448543449,585,exp_static_run1,1706.524,2.64,h1_to_h2,clab-srte8-h1,192.168.8.2,1,1,5,5,5,0.0,0.096;0.319;0.076;0.068;0.068,0.068,0.125,0.319,0.097,0.076,0.274,0.31
2026-04-06T12:09:03.449,1775448543449,585,exp_static_run1,1706.524,2.64,h2_to_h1,clab-srte8-h2,192.168.1.2,1,1,5,5,5,0.0,0.137;0.077;0.066;0.129;0.068,0.066,0.095,0.137,0.031,0.077,0.135,0.137
2026-04-06T12:09:06.122,1775448546122,586,exp_static_run1,1709.197,2.673,h1_to_h2,clab-srte8-h1,192.168.8.2,1,1,5,5,5,0.0,0.088;0.072;0.068;0.073;0.108,0.068,0.081,0.108,0.014,0.073,0.104,0.107
2026-04-06T12:09:06.122,1775448546122,586,exp_static_run1,1709.197,2.673,h2_to_h1,clab-srte8-h2,192.168.1.2,1,1,5,5,5,0.0,0.151;0.070;0.098;0.072;0.082,0.07,0.094,0.151,0.029,0.082,0.14,0.149
2026-04-06T12:09:08.782,1775448548782,587,exp_static_run1,1711.858,2.66,h1_to_h2,clab-srte8-h1,192.168.8.2,1,1,5,5,5,0.0,0.144;0.073;0.099;0.158;0.112,0.073,0.117,0.158,0.03,0.112,0.155,0.157
2026-04-06T12:09:08.782,1775448548782,587,exp_static_run1,1711.858,2.66,h2_to_h1,clab-srte8-h2,192.168.1.2,1,1,5,5,5,0.0,0.127;0.074;0.070;0.174;0.068,0.068,0.102,0.174,0.041,0.074,0.165,0.172
2026-04-06T12:09:11.386,1775448551386,588,exp_static_run1,1714.462,2.604,h1_to_h2,clab-srte8-h1,192.168.8.2,1,1,5,5,5,0.0,0.211;0.054;0.075;0.071;0.097,0.054,0.101,0.211,0.056,0.075,0.188,0.206
2026-04-06T12:09:11.386,1775448551386,588,exp_static_run1,1714.462,2.604,h2_to_h1,clab-srte8-h2,192.168.1.2,1,1,5,5,5,0.0,0.213;0.068;0.074;0.069;0.069,0.068,0.098,0.213,0.057,0.069,0.185,0.207
2026-04-06T12:09:14.036,1775448554036,589,exp_static_run1,1717.112,2.65,h1_to_h2,clab-srte8-h1,192.168.8.2,1,1,5,5,5,0.0,0.104;0.057;0.099;0.070;0.040,0.04,0.074,0.104,0.024,0.07,0.103,0.104
2026-04-06T12:09:14.036,1775448554036,589,exp_static_run1,1717.112,2.65,h2_to_h1,clab-srte8-h2,192.168.1.2,1,1,5,5,5,0.0,0.052;0.068;0.085;0.068;0.036,0.036,0.061,0.085,0.016,0.068,0.082,0.084
2026-04-06T12:09:16.676,1775448556676,590,exp_static_run1,1719.751,2.639,h1_to_h2,clab-srte8-h1,192.168.8.2,1,1,5,5,5,0.0,0.094;0.067;0.068;0.123;0.041,0.041,0.078,0.123,0.027,0.068,0.117,0.122
2026-04-06T12:09:16.676,1775448556676,590,exp_static_run1,1719.751,2.639,h2_to_h1,clab-srte8-h2,192.168.1.2,1,1,5,5,5,0.0,0.074;0.051;0.070;0.060;0.079,0.051,0.066,0.079,0.01,0.07,0.078,0.079
2026-04-06T12:09:19.356,1775448559356,591,exp_static_run1,1722.432,2.681,h1_to_h2,clab-srte8-h1,192.168.8.2,1,1,5,5,5,0.0,0.083;0.037;0.087;0.034;0.087,0.034,0.065,0.087,0.024,0.083,0.087,0.087
2026-04-06T12:09:19.356,1775448559356,591,exp_static_run1,1722.432,2.681,h2_to_h1,clab-srte8-h2,192.168.1.2,1,1,5,5,5,0.0,0.075;0.068;0.054;0.037;0.069,0.037,0.06,0.075,0.013,0.068,0.074,0.075
2026-04-06T12:09:22.061,1775448562061,592,exp_static_run1,1725.137,2.705,h1_to_h2,clab-srte8-h1,192.168.8.2,1,1,5,5,5,0.0,0.047;0.125;0.113;0.095;0.087,0.047,0.093,0.125,0.026,0.095,0.123,0.125
2026-04-06T12:09:22.061,1775448562061,592,exp_static_run1,1725.137,2.705,h2_to_h1,clab-srte8-h2,192.168.1.2,1,1,5,5,5,0.0,0.219;0.067;0.046;0.067;0.114,0.046,0.102,0.219,0.062,0.067,0.198,0.215
2026-04-06T12:09:24.730,1775448564730,593,exp_static_run1,1727.806,2.669,h1_to_h2,clab-srte8-h1,192.168.8.2,1,1,5,5,5,0.0,0.091;0.037;0.077;0.060;0.061,0.037,0.065,0.091,0.018,0.061,0.088,0.09
2026-04-06T12:09:24.730,1775448564730,593,exp_static_run1,1727.806,2.669,h2_to_h1,clab-srte8-h2,192.168.1.2,1,1,5,5,5,0.0,0.044;0.063;0.074;0.062;0.068,0.044,0.062,0.074,0.01,0.063,0.073,0.074
2026-04-06T12:09:27.382,1775448567382,594,exp_static_run1,1730.457,2.652,h1_to_h2,clab-srte8-h1,192.168.8.2,1,1,5,5,5,0.0,0.050;0.068;0.041;0.070;0.070,0.041,0.059,0.07,0.012,0.068,0.07,0.07
2026-04-06T12:09:27.382,1775448567382,594,exp_static_run1,1730.457,2.652,h2_to_h1,clab-srte8-h2,192.168.1.2,1,1,5,5,5,0.0,0.140;0.050;0.069;0.074;0.079,0.05,0.082,0.14,0.03,0.074,0.128,0.138
2026-04-06T12:09:30.088,1775448570088,595,exp_static_run1,1733.164,2.706,h1_to_h2,clab-srte8-h1,192.168.8.2,1,1,5,5,5,0.0,0.069;0.037;0.036;0.035;0.068,0.035,0.049,0.069,0.015,0.037,0.069,0.069
2026-04-06T12:09:30.088,1775448570088,595,exp_static_run1,1733.164,2.706,h2_to_h1,clab-srte8-h2,192.168.1.2,1,1,5,5,5,0.0,0.068;0.052;0.093;0.076;0.036,0.036,0.065,0.093,0.019,0.068,0.09,0.092
2026-04-06T12:09:32.721,1775448572721,596,exp_static_run1,1735.796,2.633,h1_to_h2,clab-srte8-h1,192.168.8.2,1,1,5,5,5,0.0,0.130;0.075;0.072;0.098;0.066,0.066,0.088,0.13,0.023,0.075,0.124,0.129
2026-04-06T12:09:32.721,1775448572721,596,exp_static_run1,1735.796,2.633,h2_to_h1,clab-srte8-h2,192.168.1.2,1,1,5,5,5,0.0,0.106;0.063;0.083;0.130;0.073,0.063,0.091,0.13,0.024,0.083,0.125,0.129
2026-04-06T12:09:35.403,1775448575403,597,exp_static_run1,1738.479,2.682,h1_to_h2,clab-srte8-h1,192.168.8.2,1,1,5,5,5,0.0,0.074;0.067;0.080;0.183;0.064,0.064,0.093,0.183,0.045,0.074,0.162,0.179
2026-04-06T12:09:35.403,1775448575403,597,exp_static_run1,1738.479,2.682,h2_to_h1,clab-srte8-h2,192.168.1.2,1,1,5,5,5,0.0,0.090;0.068;0.069;0.068;0.066,0.066,0.072,0.09,0.009,0.068,0.086,0.089
2026-04-06T12:09:38.046,1775448578046,598,exp_static_run1,1741.121,2.642,h1_to_h2,clab-srte8-h1,192.168.8.2,1,1,5,5,5,0.0,0.086;0.139;0.085;0.190;0.068,0.068,0.113,0.19,0.045,0.086,0.18,0.188
2026-04-06T12:09:38.046,1775448578046,598,exp_static_run1,1741.121,2.642,h2_to_h1,clab-srte8-h2,192.168.1.2,1,1,5,5,5,0.0,0.079;0.066;0.068;0.122;0.069,0.066,0.08,0.122,0.021,0.069,0.113,0.12
2026-04-06T12:09:40.630,1775448580630,599,exp_static_run1,1743.705,2.584,h1_to_h2,clab-srte8-h1,192.168.8.2,1,1,5,5,5,0.0,0.145;0.068;0.066;0.125;0.069,0.066,0.094,0.145,0.033,0.069,0.141,0.144
2026-04-06T12:09:40.630,1775448580630,599,exp_static_run1,1743.705,2.584,h2_to_h1,clab-srte8-h2,192.168.1.2,1,1,5,5,5,0.0,0.099;0.065;0.081;0.149;0.037,0.037,0.086,0.149,0.037,0.081,0.139,0.147
2026-04-06T12:09:43.282,1775448583282,600,exp_static_run1,1746.358,2.652,h1_to_h2,clab-srte8-h1,192.168.8.2,1,1,5,5,5,0.0,0.120;0.060;0.133;0.090;0.067,0.06,0.094,0.133,0.028,0.09,0.13,0.132
2026-04-06T12:09:43.282,1775448583282,600,exp_static_run1,1746.358,2.652,h2_to_h1,clab-srte8-h2,192.168.1.2,1,1,5,5,5,0.0,0.091;0.071;0.067;0.063;0.064,0.063,0.071,0.091,0.01,0.067,0.087,0.09
2026-04-06T12:09:45.972,1775448585972,601,exp_static_run1,1749.048,2.69,h1_to_h2,clab-srte8-h1,192.168.8.2,1,1,5,5,5,0.0,0.068;0.033;0.084;0.100;0.050,0.033,0.067,0.1,0.023,0.068,0.097,0.099
2026-04-06T12:09:45.972,1775448585972,601,exp_static_run1,1749.048,2.69,h2_to_h1,clab-srte8-h2,192.168.1.2,1,1,5,5,5,0.0,0.069;0.106;0.049;0.081;0.038,0.038,0.068,0.106,0.023,0.069,0.101,0.105
2026-04-06T12:09:48.617,1775448588617,602,exp_static_run1,1751.692,2.644,h1_to_h2,clab-srte8-h1,192.168.8.2,1,1,5,5,5,0.0,0.063;0.069;0.085;0.037;0.099,0.037,0.07,0.099,0.021,0.069,0.096,0.098
2026-04-06T12:09:48.617,1775448588617,602,exp_static_run1,1751.692,2.644,h2_to_h1,clab-srte8-h2,192.168.1.2,1,1,5,5,5,0.0,0.055;0.051;0.068;0.071;0.070,0.051,0.063,0.071,0.008,0.068,0.071,0.071
2026-04-06T12:09:51.200,1775448591200,603,exp_static_run1,1754.276,2.584,h1_to_h2,clab-srte8-h1,192.168.8.2,1,1,5,5,5,0.0,0.105;0.120;0.150;0.035;0.068,0.035,0.095,0.15,0.04,0.105,0.144,0.149
2026-04-06T12:09:51.200,1775448591200,603,exp_static_run1,1754.276,2.584,h2_to_h1,clab-srte8-h2,192.168.1.2,1,1,5,5,5,0.0,0.052;0.039;0.074;0.046;0.071,0.039,0.056,0.074,0.013,0.052,0.073,0.074
2026-04-06T12:09:53.859,1775448593859,604,exp_static_run1,1756.934,2.658,h1_to_h2,clab-srte8-h1,192.168.8.2,1,1,5,5,5,0.0,0.072;0.066;0.069;0.053;0.077,0.053,0.067,0.077,0.008,0.069,0.076,0.077
2026-04-06T12:09:53.859,1775448593859,604,exp_static_run1,1756.934,2.658,h2_to_h1,clab-srte8-h2,192.168.1.2,1,1,5,5,5,0.0,0.056;0.076;0.037;0.049;0.103,0.037,0.064,0.103,0.023,0.056,0.098,0.102
2026-04-06T12:09:56.586,1775448596586,605,exp_static_run1,1759.661,2.727,h1_to_h2,clab-srte8-h1,192.168.8.2,1,1,5,5,5,0.0,0.076;0.073;0.075;0.043;0.075,0.043,0.068,0.076,0.012,0.075,0.076,0.076
2026-04-06T12:09:56.586,1775448596586,605,exp_static_run1,1759.661,2.727,h2_to_h1,clab-srte8-h2,192.168.1.2,1,1,5,5,5,0.0,0.104;0.060;0.045;0.044;0.070,0.044,0.064,0.104,0.021,0.06,0.097,0.103
2026-04-06T12:09:59.253,1775448599253,606,exp_static_run1,1762.329,2.668,h1_to_h2,clab-srte8-h1,192.168.8.2,1,1,5,5,5,0.0,0.053;0.192;0.048;0.037;0.038,0.037,0.073,0.192,0.059,0.048,0.164,0.186
2026-04-06T12:09:59.253,1775448599253,606,exp_static_run1,1762.329,2.668,h2_to_h1,clab-srte8-h2,192.168.1.2,1,1,5,5,5,0.0,0.082;0.063;0.039;0.040;0.069,0.039,0.058,0.082,0.016,0.063,0.079,0.081
2026-04-06T12:10:01.883,1775448601883,607,exp_static_run1,1764.959,2.63,h1_to_h2,clab-srte8-h1,192.168.8.2,1,1,5,5,5,0.0,0.050;0.079;0.049;0.071;0.091,0.049,0.068,0.091,0.016,0.071,0.089,0.091
2026-04-06T12:10:01.883,1775448601883,607,exp_static_run1,1764.959,2.63,h2_to_h1,clab-srte8-h2,192.168.1.2,1,1,5,5,5,0.0,0.051;0.068;0.078;0.076;0.086,0.051,0.071,0.086,0.011,0.076,0.084,0.086
2026-04-06T12:10:04.530,1775448604530,608,exp_static_run1,1767.606,2.647,h1_to_h2,clab-srte8-h1,192.168.8.2,1,1,5,5,5,0.0,0.071;0.067;0.064;0.066;0.074,0.064,0.068,0.074,0.003,0.067,0.073,0.074
2026-04-06T12:10:04.530,1775448604530,608,exp_static_run1,1767.606,2.647,h2_to_h1,clab-srte8-h2,192.168.1.2,1,1,5,5,5,0.0,0.091;0.067;0.077;0.096;0.066,0.066,0.079,0.096,0.012,0.077,0.095,0.096
2026-04-06T12:10:07.246,1775448607246,609,exp_static_run1,1770.321,2.715,h1_to_h2,clab-srte8-h1,192.168.8.2,1,1,5,5,5,0.0,0.074;0.104;0.066;0.068;0.107,0.066,0.083,0.107,0.017,0.074,0.106,0.107
2026-04-06T12:10:07.246,1775448607246,609,exp_static_run1,1770.321,2.715,h2_to_h1,clab-srte8-h2,192.168.1.2,1,1,5,5,5,0.0,0.091;0.076;0.068;0.067;0.076,0.067,0.075,0.091,0.008,0.076,0.088,0.09
2026-04-06T12:10:09.902,1775448609902,610,exp_static_run1,1772.977,2.656,h1_to_h2,clab-srte8-h1,192.168.8.2,1,1,5,5,5,0.0,0.088;0.078;0.067;0.086;0.167,0.067,0.097,0.167,0.035,0.086,0.151,0.164
2026-04-06T12:10:09.902,1775448609902,610,exp_static_run1,1772.977,2.656,h2_to_h1,clab-srte8-h2,192.168.1.2,1,1,5,5,5,0.0,0.084;0.068;0.161;0.057;0.069,0.057,0.087,0.161,0.037,0.069,0.146,0.158
2026-04-06T12:10:12.569,1775448612569,611,exp_static_run1,1775.644,2.667,h1_to_h2,clab-srte8-h1,192.168.8.2,1,1,5,5,5,0.0,0.072;0.075;0.060;0.068;0.079,0.06,0.07,0.079,0.006,0.072,0.078,0.079
2026-04-06T12:10:12.569,1775448612569,611,exp_static_run1,1775.644,2.667,h2_to_h1,clab-srte8-h2,192.168.1.2,1,1,5,5,5,0.0,0.074;0.088;0.068;0.068;0.070,0.068,0.073,0.088,0.007,0.07,0.085,0.087
2026-04-06T12:10:15.225,1775448615225,612,exp_static_run1,1778.301,2.656,h1_to_h2,clab-srte8-h1,192.168.8.2,1,1,5,5,5,0.0,0.050;0.034;0.036;0.036;0.073,0.034,0.045,0.073,0.014,0.036,0.068,0.072
2026-04-06T12:10:15.225,1775448615225,612,exp_static_run1,1778.301,2.656,h2_to_h1,clab-srte8-h2,192.168.1.2,1,1,5,5,5,0.0,0.047;0.124;0.071;0.067;0.067,0.047,0.075,0.124,0.025,0.067,0.113,0.122
2026-04-06T12:10:17.842,1775448617842,613,exp_static_run1,1780.917,2.617,h1_to_h2,clab-srte8-h1,192.168.8.2,1,1,5,5,5,0.0,0.072;0.046;0.122;0.067;0.093,0.046,0.08,0.122,0.025,0.072,0.116,0.121
2026-04-06T12:10:17.842,1775448617842,613,exp_static_run1,1780.917,2.617,h2_to_h1,clab-srte8-h2,192.168.1.2,1,1,5,5,5,0.0,0.046;0.040;0.091;0.061;0.068,0.04,0.061,0.091,0.017,0.061,0.086,0.09
2026-04-06T12:10:20.467,1775448620467,614,exp_static_run1,1783.542,2.625,h1_to_h2,clab-srte8-h1,192.168.8.2,1,1,5,5,5,0.0,0.055;0.069;0.046;0.073;0.036,0.036,0.055,0.073,0.013,0.055,0.072,0.073
2026-04-06T12:10:20.467,1775448620467,614,exp_static_run1,1783.542,2.625,h2_to_h1,clab-srte8-h2,192.168.1.2,1,1,5,5,5,0.0,0.066;0.048;0.073;0.085;0.070,0.048,0.068,0.085,0.012,0.07,0.083,0.085
2026-04-06T12:10:23.101,1775448623101,615,exp_static_run1,1786.177,2.635,h1_to_h2,clab-srte8-h1,192.168.8.2,1,1,5,5,5,0.0,0.076;0.121;0.073;0.058;0.040,0.04,0.073,0.121,0.026,0.073,0.112,0.119
2026-04-06T12:10:23.101,1775448623101,615,exp_static_run1,1786.177,2.635,h2_to_h1,clab-srte8-h2,192.168.1.2,1,1,5,5,5,0.0,0.052;0.037;0.097;0.078;0.072,0.037,0.067,0.097,0.02,0.072,0.093,0.096
2026-04-06T12:10:25.713,1775448625713,616,exp_static_run1,1788.789,2.612,h1_to_h2,clab-srte8-h1,192.168.8.2,1,1,5,5,5,0.0,0.079;0.038;0.076;0.061;0.079,0.038,0.066,0.079,0.015,0.076,0.079,0.079
2026-04-06T12:10:25.713,1775448625713,616,exp_static_run1,1788.789,2.612,h2_to_h1,clab-srte8-h2,192.168.1.2,1,1,5,5,5,0.0,0.059;0.068;0.083;0.046;0.067,0.046,0.064,0.083,0.012,0.067,0.08,0.082
2026-04-06T12:10:28.306,1775448628306,617,exp_static_run1,1791.381,2.593,h1_to_h2,clab-srte8-h1,192.168.8.2,1,1,5,5,5,0.0,0.085;0.035;0.082;0.069;0.069,0.035,0.068,0.085,0.017,0.069,0.084,0.085
2026-04-06T12:10:28.306,1775448628306,617,exp_static_run1,1791.381,2.593,h2_to_h1,clab-srte8-h2,192.168.1.2,1,1,5,5,5,0.0,0.052;0.105;0.069;0.066;0.035,0.035,0.065,0.105,0.023,0.066,0.098,0.104
2026-04-06T12:10:30.981,1775448630981,618,exp_static_run1,1794.057,2.675,h1_to_h2,clab-srte8-h1,192.168.8.2,1,1,5,5,5,0.0,0.054;0.106;0.054;0.103;0.043,0.043,0.072,0.106,0.026,0.054,0.105,0.106
2026-04-06T12:10:30.981,1775448630981,618,exp_static_run1,1794.057,2.675,h2_to_h1,clab-srte8-h2,192.168.1.2,1,1,5,5,5,0.0,0.092;0.079;0.067;0.068;0.068,0.067,0.074,0.092,0.009,0.068,0.089,0.091
2026-04-06T12:10:33.581,1775448633581,619,exp_static_run1,1796.656,2.6,h1_to_h2,clab-srte8-h1,192.168.8.2,1,1,5,5,5,0.0,0.092;0.070;0.072;0.089;0.073,0.07,0.079,0.092,0.009,0.073,0.091,0.092
2026-04-06T12:10:33.581,1775448633581,619,exp_static_run1,1796.656,2.6,h2_to_h1,clab-srte8-h2,192.168.1.2,1,1,5,5,5,0.0,0.053;0.066;0.161;0.091;0.073,0.053,0.088,0.161,0.038,0.073,0.147,0.158
2026-04-06T12:10:36.246,1775448636246,620,exp_static_run1,1799.322,2.665,h1_to_h2,clab-srte8-h1,192.168.8.2,1,1,5,5,5,0.0,0.114;0.068;0.068;0.102;0.068,0.068,0.084,0.114,0.019,0.068,0.112,0.114
2026-04-06T12:10:36.246,1775448636246,620,exp_static_run1,1799.322,2.665,h2_to_h1,clab-srte8-h2,192.168.1.2,1,1,5,5,5,0.0,0.067;0.067;0.068;0.120;0.078,0.067,0.08,0.12,0.02,0.068,0.112,0.118
